-0.000052925
0.000217683
-0.001330898
0.000265933
0.000574337
0.000644419
0.000375124
-0.002354070
0.000578651
-0.000679944
0.003756073
-0.000827838
-0.001840965
-0.002121696
-0.001294165
0.007750922
-0.001968365
0.002251394
-0.011419555
0.002511052
0.005183015
0.005821445
0.003600630
-0.020621092
0.005310544
-0.005964890
0.029005747
-0.006422698
-0.012903229
-0.014535695
-0.009243908
0.053162832
-0.014246953
0.016550129
-0.083394384
0.019925774
0.043698252
0.056823643
0.045427641
-0.382923012
0.270309749
0.270309749
-0.382923012
0.045427641
0.056823643
0.043698252
0.019925774
-0.083394384
0.016550129
-0.014246953
0.053162832
-0.009243908
-0.014535695
-0.012903229
-0.006422698
0.029005747
-0.005964890
0.005310544
-0.020621092
0.003600630
0.005821445
0.005183015
0.002511052
-0.011419555
0.002251394
-0.001968365
0.007750922
-0.001294165
-0.002121696
-0.001840965
-0.000827838
0.003756073
-0.000679944
0.000578651
-0.002354070
0.000375124
0.000644419
0.000574337
0.000265933
-0.001330898
0.000217683
