-0.000000000
0.000021809
0.000028663
0.000015810
-0.000007959
-0.000026318
-0.000026617
-0.000008594
0.000015405
0.000028881
0.000022519
0.000000628
-0.000021782
-0.000029281
-0.000016645
0.000007511
0.000026602
0.000027455
0.000009397
-0.000015224
-0.000029480
-0.000023495
-0.000001288
0.000021930
0.000030163
0.000017653
-0.000007100
-0.000027108
-0.000028551
-0.000010317
0.000015148
0.000030335
0.000024705
0.000001998
-0.000022246
-0.000031319
-0.000018853
0.000006710
0.000027837
0.000029919
0.000011374
-0.000015166
-0.000031454
-0.000026167
-0.000002777
0.000022726
0.000032760
0.000020267
-0.000006326
-0.000028787
-0.000031575
-0.000012588
0.000015267
0.000032839
0.000027899
0.000003645
-0.000023360
-0.000034495
-0.000021913
0.000005930
0.000029957
0.000033533
0.000013979
-0.000015436
-0.000034493
-0.000029919
-0.000004622
0.000024141
0.000036533
0.000023812
-0.000005505
-0.000031343
-0.000035807
-0.000015570
0.000015659
0.000036421
0.000032244
0.000005728
-0.000025058
-0.000038882
-0.000025986
0.000005032
0.000032941
0.000038409
0.000017383
-0.000015921
-0.000038623
-0.000034894
-0.000006985
0.000026102
0.000041550
0.000028454
-0.000004490
-0.000034746
-0.000041353
-0.000019439
0.000016205
0.000041100
0.000037884
0.000008417
-0.000027259
-0.000044544
-0.000031237
0.000003859
0.000036751
0.000044652
0.000021761
-0.000016495
-0.000043851
-0.000041232
-0.000010044
0.000028518
0.000047870
0.000034357
-0.000003118
-0.000038949
-0.000048317
-0.000024374
0.000016770
0.000046877
0.000044956
0.000011893
-0.000029863
-0.000051532
-0.000037835
0.000002243
0.000041331
0.000052360
0.000027299
-0.000017012
-0.000050173
-0.000049072
-0.000013986
0.000031280
0.000055536
0.000041691
-0.000001212
-0.000043888
-0.000056791
-0.000030562
0.000017199
0.000053738
0.000053597
0.000016349
-0.000032752
-0.000059884
-0.000045947
-0.000000000
0.000046609
0.000061620
0.000034187
-0.000017311
-0.000057566
-0.000058547
-0.000019008
0.000034262
0.000064580
0.000050625
0.000001418
-0.000049481
-0.000066858
-0.000038197
0.000017324
0.000061653
0.000063938
0.000021989
-0.000035791
-0.000069625
-0.000055744
-0.000003069
0.000052493
0.000072513
0.000042619
-0.000017214
-0.000065992
-0.000069785
-0.000025318
0.000037318
0.000075021
0.000061327
0.000004978
-0.000055628
-0.000078594
-0.000047477
0.000016956
0.000070575
0.000076104
0.000029024
-0.000038824
-0.000080766
-0.000067394
-0.000007174
0.000058873
0.000085107
0.000052797
-0.000016525
-0.000075395
-0.000082909
-0.000033135
0.000040285
0.000086861
0.000073967
0.000009686
-0.000062211
-0.000092060
-0.000058604
0.000015893
0.000080440
0.000090215
0.000037679
-0.000041679
-0.000093302
-0.000081066
-0.000012544
0.000065622
0.000099460
0.000064926
-0.000015032
-0.000085701
-0.000098036
-0.000042685
0.000042981
0.000100089
0.000088712
0.000015776
-0.000069090
-0.000107311
-0.000071787
0.000013913
0.000091165
0.000106385
0.000048184
-0.000044165
-0.000107215
-0.000096927
-0.000019416
0.000072592
0.000115618
0.000079215
-0.000012506
-0.000096820
-0.000115276
-0.000054206
0.000045204
0.000114678
0.000105731
0.000023495
-0.000076109
-0.000124386
-0.000087238
0.000010778
0.000102651
0.000124722
0.000060783
-0.000046070
-0.000122471
-0.000115145
-0.000028046
0.000079616
0.000133619
0.000095881
-0.000008699
-0.000108643
-0.000134735
-0.000067947
0.000046734
0.000130587
0.000125190
0.000033104
-0.000083091
-0.000143318
-0.000105174
0.000006233
0.000114779
0.000145327
0.000075729
-0.000047164
-0.000139020
-0.000135887
-0.000038704
0.000086508
0.000153486
0.000115145
-0.000003345
-0.000121041
-0.000156511
-0.000084165
0.000047329
0.000147760
0.000147257
0.000044883
-0.000089839
-0.000164125
-0.000125822
-0.000000000
0.000127412
0.000168299
0.000093288
-0.000047194
-0.000156798
-0.000159321
-0.000051677
0.000093058
0.000175236
0.000137235
0.000003841
-0.000133870
-0.000180702
-0.000103134
0.000046726
0.000166124
0.000172102
0.000059126
-0.000096136
-0.000186820
-0.000149414
-0.000008216
0.000140396
0.000193731
0.000113739
-0.000045888
-0.000175727
-0.000185621
-0.000067269
0.000099040
0.000198876
0.000162391
0.000013167
-0.000146965
-0.000207399
-0.000125142
0.000044641
0.000185595
0.000199901
0.000076149
-0.000101740
-0.000211404
-0.000176196
-0.000018735
0.000153555
0.000221717
0.000137381
-0.000042947
-0.000195714
-0.000214965
-0.000085809
0.000104201
0.000224403
0.000190863
0.000024965
-0.000160142
-0.000236696
-0.000150496
0.000040763
0.000206073
0.000230836
0.000096293
-0.000106388
-0.000237872
-0.000206427
-0.000031903
0.000166698
0.000252349
0.000164530
-0.000038047
-0.000216655
-0.000247539
-0.000107650
0.000108265
0.000251811
0.000222922
0.000039596
-0.000173196
-0.000268688
-0.000179528
0.000034752
0.000227445
0.000265100
0.000119927
-0.000109793
-0.000266217
-0.000240386
-0.000048096
0.000179609
0.000285727
0.000195534
-0.000030832
-0.000238429
-0.000283546
-0.000133177
0.000110930
0.000281090
0.000258859
0.000057456
-0.000185905
-0.000303479
-0.000212599
0.000026237
0.000249588
0.000302906
0.000147453
-0.000111635
-0.000296428
-0.000278382
-0.000067731
0.000192054
0.000321960
0.000230773
-0.000020913
-0.000260907
-0.000323210
-0.000162815
0.000111862
0.000312231
0.000298999
0.000078980
-0.000198022
-0.000341185
-0.000250111
0.000014806
0.000272367
0.000344492
0.000179322
-0.000111564
-0.000328497
-0.000320758
-0.000091266
0.000203774
0.000361173
0.000270672
-0.000007855
-0.000283950
-0.000366785
-0.000197041
0.000110691
0.000345228
0.000343708
0.000104655
-0.000209275
-0.000381943
-0.000292518
0.000000000
0.000295636
0.000390129
0.000216040
-0.000109190
-0.000362423
-0.000367906
-0.000119220
0.000214486
0.000403517
0.000315717
0.000008827
-0.000307407
-0.000414567
-0.000236394
0.000107005
0.000380086
0.000393411
0.000135035
-0.000219367
-0.000425919
-0.000340342
-0.000018698
0.000319243
0.000440143
0.000258186
-0.000104076
-0.000398220
-0.000420288
-0.000152185
0.000223875
0.000449178
0.000366473
0.000029689
-0.000331123
-0.000466909
-0.000281502
0.000100339
0.000416828
0.000448608
0.000170757
-0.000227966
-0.000473324
-0.000394196
-0.000041883
0.000343026
0.000494922
0.000306439
-0.000095726
-0.000435920
-0.000478451
-0.000190850
0.000231591
0.000498394
0.000423607
0.000055369
-0.000354932
-0.000524246
-0.000333101
0.000090163
0.000455503
0.000509904
0.000212568
-0.000234701
-0.000524429
-0.000454813
-0.000070246
0.000366819
0.000554953
0.000361606
-0.000083568
-0.000475591
-0.000543065
-0.000236029
0.000237242
0.000551475
0.000487930
0.000086619
-0.000378667
-0.000587122
-0.000392080
0.000075857
0.000496200
0.000578045
0.000261362
-0.000239154
-0.000579589
-0.000523090
-0.000104608
0.000390454
0.000620847
0.000424668
-0.000066931
-0.000517348
-0.000614966
-0.000288709
0.000240376
0.000608833
0.000560441
0.000124342
-0.000402157
-0.000656230
-0.000459530
0.000056688
0.000539062
0.000653969
0.000318230
-0.000240839
-0.000639280
-0.000600150
-0.000145967
0.000413757
0.000693393
0.000496845
-0.000045011
-0.000561372
-0.000695214
-0.000350105
0.000240470
0.000671016
0.000642404
0.000169644
-0.000425230
-0.000732472
-0.000536819
0.000031770
0.000584316
0.000738882
0.000384537
-0.000239186
-0.000704140
-0.000687419
-0.000195557
0.000436555
0.000773627
0.000579682
-0.000016821
-0.000607939
-0.000785184
-0.000421755
0.000236899
0.000738770
0.000735443
0.000223913
-0.000447711
-0.000817041
-0.000625703
-0.000000000
0.000632300
0.000834362
0.000462022
-0.000233507
-0.000775043
-0.000786760
-0.000254948
0.000458677
0.000862931
0.000675186
0.000018879
-0.000657465
-0.000886697
-0.000505643
0.000228898
0.000813120
0.000841701
0.000288936
-0.000469431
-0.000911546
-0.000728488
-0.000040028
0.000683518
0.000942519
0.000552969
-0.000222944
-0.000853194
-0.000900652
-0.000326190
0.000479953
0.000963184
0.000786023
0.000063694
-0.000710560
-0.001002214
-0.000604408
0.000215499
0.000895493
0.000964066
0.000367078
-0.000490222
-0.001018195
-0.000848279
-0.000090162
0.000738714
0.001066240
0.000660443
-0.000206396
-0.000940290
-0.001032479
-0.000412031
0.000500219
0.001076999
0.000915832
0.000119767
-0.000768128
-0.001135142
-0.000721644
0.000195439
0.000987912
0.001106531
0.000461560
-0.000509923
-0.001140095
-0.000989370
-0.000152906
0.000798987
0.001209574
0.000788691
-0.000182396
-0.001038759
-0.001186989
-0.000516275
0.000519316
0.001208092
0.001069722
0.000190053
-0.000831514
-0.001290325
-0.000862405
0.000166994
0.001093314
0.001274783
0.000576913
-0.000528379
-0.001281728
-0.001157890
-0.000231781
0.000865987
0.001378361
0.000943785
-0.000148903
-0.001152172
-0.001371048
-0.000644373
0.000537094
0.001361912
0.001255106
0.000278789
-0.000902754
-0.001474869
-0.001034055
0.000127722
0.001216072
0.001477190
0.000719761
-0.000545444
-0.001449771
-0.001362896
-0.000331941
0.000942248
0.001581331
0.001134742
-0.000102952
-0.001285941
-0.001594964
-0.000804459
0.000553411
0.001546725
0.001483173
0.000392316
-0.000985023
-0.001699612
-0.001247766
0.000073975
0.001362952
0.001726589
0.000900211
-0.000560980
-0.001654576
-0.001618370
-0.000461285
0.001031785
0.001832096
0.001375580
-0.000039998
-0.001448615
-0.001874919
-0.001009260
0.000568135
0.001775654
0.001771626
0.000540618
-0.001083459
-0.001981878
-0.001521367
-0.000000000
0.001544902
0.002043675
0.001134531
-0.000574863
-0.001913018
-0.001947066
-0.000632635
0.001141266
0.002153046
0.001689335
0.000047370
-0.001654436
-0.002237809
-0.001279917
0.000581149
0.002070760
0.002150214
0.000740448
-0.001206854
-0.002351111
-0.001885166
-0.000103932
0.001780776
0.002464047
0.001450716
-0.000586981
-0.002254482
-0.002388641
-0.000868330
0.001282501
0.002583684
0.002116718
0.000172207
-0.001928879
-0.002731771
-0.001654331
0.000592346
0.002472057
0.002673009
0.001022305
-0.001371434
-0.002861574
-0.002395176
-0.000255788
0.002105846
0.003054453
0.001901418
-0.000597234
-0.002734905
-0.003018827
-0.001211162
0.001478387
0.003200661
0.002737026
0.000359982
-0.002322225
-0.003452165
-0.002207908
0.000601635
0.003060228
0.003449544
0.001448236
-0.001610581
-0.003625255
-0.003167605
-0.000492978
0.002594375
0.003956170
0.002598724
-0.000605540
-0.003475207
-0.004002378
-0.001754795
0.001779600
0.004174536
0.003727962
0.000668106
-0.002949101
-0.004617972
-0.003115160
0.000608941
0.004025432
0.004740148
0.002166959
-0.002005259
-0.004915961
-0.004489256
-0.000908638
0.003433558
0.005528852
0.003830962
-0.000611830
-0.004793662
-0.005777840
-0.002751419
0.002324483
0.005976374
0.005586563
0.001259175
-0.004139060
-0.006867426
-0.004891996
0.000614202
0.005947360
0.007350925
0.003646439
-0.002814827
-0.007625743
-0.007311380
-0.001817355
0.005268555
0.009036880
0.006632913
-0.000616052
-0.007884280
-0.010029118
-0.005193082
0.003671535
0.010558318
0.010430265
0.002846054
-0.007382204
-0.013179623
-0.010028587
0.000617376
0.011835612
0.015635559
0.008522258
-0.005567143
-0.017265279
-0.017817865
-0.005379255
0.012800726
0.024304753
0.019628492
-0.000618172
-0.024449861
-0.034906621
-0.020984938
0.013401615
0.048506638
0.057645891
0.021824783
-0.057882292
-0.157622031
-0.240159580
0.727900729
-0.240159580
-0.157622031
-0.057882292
0.021824783
0.057645891
0.048506638
0.013401615
-0.020984938
-0.034906621
-0.024449861
-0.000618172
0.019628492
0.024304753
0.012800726
-0.005379255
-0.017817865
-0.017265279
-0.005567143
0.008522258
0.015635559
0.011835612
0.000617376
-0.010028587
-0.013179623
-0.007382204
0.002846054
0.010430265
0.010558318
0.003671535
-0.005193082
-0.010029118
-0.007884280
-0.000616052
0.006632913
0.009036880
0.005268555
-0.001817355
-0.007311380
-0.007625743
-0.002814827
0.003646439
0.007350925
0.005947360
0.000614202
-0.004891996
-0.006867426
-0.004139060
0.001259175
0.005586563
0.005976374
0.002324483
-0.002751419
-0.005777840
-0.004793662
-0.000611830
0.003830962
0.005528852
0.003433558
-0.000908638
-0.004489256
-0.004915961
-0.002005259
0.002166959
0.004740148
0.004025432
0.000608941
-0.003115160
-0.004617972
-0.002949101
0.000668106
0.003727962
0.004174536
0.001779600
-0.001754795
-0.004002378
-0.003475207
-0.000605540
0.002598724
0.003956170
0.002594375
-0.000492978
-0.003167605
-0.003625255
-0.001610581
0.001448236
0.003449544
0.003060228
0.000601635
-0.002207908
-0.003452165
-0.002322225
0.000359982
0.002737026
0.003200661
0.001478387
-0.001211162
-0.003018827
-0.002734905
-0.000597234
0.001901418
0.003054453
0.002105846
-0.000255788
-0.002395176
-0.002861574
-0.001371434
0.001022305
0.002673009
0.002472057
0.000592346
-0.001654331
-0.002731771
-0.001928879
0.000172207
0.002116718
0.002583684
0.001282501
-0.000868330
-0.002388641
-0.002254482
-0.000586981
0.001450716
0.002464047
0.001780776
-0.000103932
-0.001885166
-0.002351111
-0.001206854
0.000740448
0.002150214
0.002070760
0.000581149
-0.001279917
-0.002237809
-0.001654436
0.000047370
0.001689335
0.002153046
0.001141266
-0.000632635
-0.001947066
-0.001913018
-0.000574863
0.001134531
0.002043675
0.001544902
-0.000000000
-0.001521367
-0.001981878
-0.001083459
0.000540618
0.001771626
0.001775654
0.000568135
-0.001009260
-0.001874919
-0.001448615
-0.000039998
0.001375580
0.001832096
0.001031785
-0.000461285
-0.001618370
-0.001654576
-0.000560980
0.000900211
0.001726589
0.001362952
0.000073975
-0.001247766
-0.001699612
-0.000985023
0.000392316
0.001483173
0.001546725
0.000553411
-0.000804459
-0.001594964
-0.001285941
-0.000102952
0.001134742
0.001581331
0.000942248
-0.000331941
-0.001362896
-0.001449771
-0.000545444
0.000719761
0.001477190
0.001216072
0.000127722
-0.001034055
-0.001474869
-0.000902754
0.000278789
0.001255106
0.001361912
0.000537094
-0.000644373
-0.001371048
-0.001152172
-0.000148903
0.000943785
0.001378361
0.000865987
-0.000231781
-0.001157890
-0.001281728
-0.000528379
0.000576913
0.001274783
0.001093314
0.000166994
-0.000862405
-0.001290325
-0.000831514
0.000190053
0.001069722
0.001208092
0.000519316
-0.000516275
-0.001186989
-0.001038759
-0.000182396
0.000788691
0.001209574
0.000798987
-0.000152906
-0.000989370
-0.001140095
-0.000509923
0.000461560
0.001106531
0.000987912
0.000195439
-0.000721644
-0.001135142
-0.000768128
0.000119767
0.000915832
0.001076999
0.000500219
-0.000412031
-0.001032479
-0.000940290
-0.000206396
0.000660443
0.001066240
0.000738714
-0.000090162
-0.000848279
-0.001018195
-0.000490222
0.000367078
0.000964066
0.000895493
0.000215499
-0.000604408
-0.001002214
-0.000710560
0.000063694
0.000786023
0.000963184
0.000479953
-0.000326190
-0.000900652
-0.000853194
-0.000222944
0.000552969
0.000942519
0.000683518
-0.000040028
-0.000728488
-0.000911546
-0.000469431
0.000288936
0.000841701
0.000813120
0.000228898
-0.000505643
-0.000886697
-0.000657465
0.000018879
0.000675186
0.000862931
0.000458677
-0.000254948
-0.000786760
-0.000775043
-0.000233507
0.000462022
0.000834362
0.000632300
-0.000000000
-0.000625703
-0.000817041
-0.000447711
0.000223913
0.000735443
0.000738770
0.000236899
-0.000421755
-0.000785184
-0.000607939
-0.000016821
0.000579682
0.000773627
0.000436555
-0.000195557
-0.000687419
-0.000704140
-0.000239186
0.000384537
0.000738882
0.000584316
0.000031770
-0.000536819
-0.000732472
-0.000425230
0.000169644
0.000642404
0.000671016
0.000240470
-0.000350105
-0.000695214
-0.000561372
-0.000045011
0.000496845
0.000693393
0.000413757
-0.000145967
-0.000600150
-0.000639280
-0.000240839
0.000318230
0.000653969
0.000539062
0.000056688
-0.000459530
-0.000656230
-0.000402157
0.000124342
0.000560441
0.000608833
0.000240376
-0.000288709
-0.000614966
-0.000517348
-0.000066931
0.000424668
0.000620847
0.000390454
-0.000104608
-0.000523090
-0.000579589
-0.000239154
0.000261362
0.000578045
0.000496200
0.000075857
-0.000392080
-0.000587122
-0.000378667
0.000086619
0.000487930
0.000551475
0.000237242
-0.000236029
-0.000543065
-0.000475591
-0.000083568
0.000361606
0.000554953
0.000366819
-0.000070246
-0.000454813
-0.000524429
-0.000234701
0.000212568
0.000509904
0.000455503
0.000090163
-0.000333101
-0.000524246
-0.000354932
0.000055369
0.000423607
0.000498394
0.000231591
-0.000190850
-0.000478451
-0.000435920
-0.000095726
0.000306439
0.000494922
0.000343026
-0.000041883
-0.000394196
-0.000473324
-0.000227966
0.000170757
0.000448608
0.000416828
0.000100339
-0.000281502
-0.000466909
-0.000331123
0.000029689
0.000366473
0.000449178
0.000223875
-0.000152185
-0.000420288
-0.000398220
-0.000104076
0.000258186
0.000440143
0.000319243
-0.000018698
-0.000340342
-0.000425919
-0.000219367
0.000135035
0.000393411
0.000380086
0.000107005
-0.000236394
-0.000414567
-0.000307407
0.000008827
0.000315717
0.000403517
0.000214486
-0.000119220
-0.000367906
-0.000362423
-0.000109190
0.000216040
0.000390129
0.000295636
0.000000000
-0.000292518
-0.000381943
-0.000209275
0.000104655
0.000343708
0.000345228
0.000110691
-0.000197041
-0.000366785
-0.000283950
-0.000007855
0.000270672
0.000361173
0.000203774
-0.000091266
-0.000320758
-0.000328497
-0.000111564
0.000179322
0.000344492
0.000272367
0.000014806
-0.000250111
-0.000341185
-0.000198022
0.000078980
0.000298999
0.000312231
0.000111862
-0.000162815
-0.000323210
-0.000260907
-0.000020913
0.000230773
0.000321960
0.000192054
-0.000067731
-0.000278382
-0.000296428
-0.000111635
0.000147453
0.000302906
0.000249588
0.000026237
-0.000212599
-0.000303479
-0.000185905
0.000057456
0.000258859
0.000281090
0.000110930
-0.000133177
-0.000283546
-0.000238429
-0.000030832
0.000195534
0.000285727
0.000179609
-0.000048096
-0.000240386
-0.000266217
-0.000109793
0.000119927
0.000265100
0.000227445
0.000034752
-0.000179528
-0.000268688
-0.000173196
0.000039596
0.000222922
0.000251811
0.000108265
-0.000107650
-0.000247539
-0.000216655
-0.000038047
0.000164530
0.000252349
0.000166698
-0.000031903
-0.000206427
-0.000237872
-0.000106388
0.000096293
0.000230836
0.000206073
0.000040763
-0.000150496
-0.000236696
-0.000160142
0.000024965
0.000190863
0.000224403
0.000104201
-0.000085809
-0.000214965
-0.000195714
-0.000042947
0.000137381
0.000221717
0.000153555
-0.000018735
-0.000176196
-0.000211404
-0.000101740
0.000076149
0.000199901
0.000185595
0.000044641
-0.000125142
-0.000207399
-0.000146965
0.000013167
0.000162391
0.000198876
0.000099040
-0.000067269
-0.000185621
-0.000175727
-0.000045888
0.000113739
0.000193731
0.000140396
-0.000008216
-0.000149414
-0.000186820
-0.000096136
0.000059126
0.000172102
0.000166124
0.000046726
-0.000103134
-0.000180702
-0.000133870
0.000003841
0.000137235
0.000175236
0.000093058
-0.000051677
-0.000159321
-0.000156798
-0.000047194
0.000093288
0.000168299
0.000127412
-0.000000000
-0.000125822
-0.000164125
-0.000089839
0.000044883
0.000147257
0.000147760
0.000047329
-0.000084165
-0.000156511
-0.000121041
-0.000003345
0.000115145
0.000153486
0.000086508
-0.000038704
-0.000135887
-0.000139020
-0.000047164
0.000075729
0.000145327
0.000114779
0.000006233
-0.000105174
-0.000143318
-0.000083091
0.000033104
0.000125190
0.000130587
0.000046734
-0.000067947
-0.000134735
-0.000108643
-0.000008699
0.000095881
0.000133619
0.000079616
-0.000028046
-0.000115145
-0.000122471
-0.000046070
0.000060783
0.000124722
0.000102651
0.000010778
-0.000087238
-0.000124386
-0.000076109
0.000023495
0.000105731
0.000114678
0.000045204
-0.000054206
-0.000115276
-0.000096820
-0.000012506
0.000079215
0.000115618
0.000072592
-0.000019416
-0.000096927
-0.000107215
-0.000044165
0.000048184
0.000106385
0.000091165
0.000013913
-0.000071787
-0.000107311
-0.000069090
0.000015776
0.000088712
0.000100089
0.000042981
-0.000042685
-0.000098036
-0.000085701
-0.000015032
0.000064926
0.000099460
0.000065622
-0.000012544
-0.000081066
-0.000093302
-0.000041679
0.000037679
0.000090215
0.000080440
0.000015893
-0.000058604
-0.000092060
-0.000062211
0.000009686
0.000073967
0.000086861
0.000040285
-0.000033135
-0.000082909
-0.000075395
-0.000016525
0.000052797
0.000085107
0.000058873
-0.000007174
-0.000067394
-0.000080766
-0.000038824
0.000029024
0.000076104
0.000070575
0.000016956
-0.000047477
-0.000078594
-0.000055628
0.000004978
0.000061327
0.000075021
0.000037318
-0.000025318
-0.000069785
-0.000065992
-0.000017214
0.000042619
0.000072513
0.000052493
-0.000003069
-0.000055744
-0.000069625
-0.000035791
0.000021989
0.000063938
0.000061653
0.000017324
-0.000038197
-0.000066858
-0.000049481
0.000001418
0.000050625
0.000064580
0.000034262
-0.000019008
-0.000058547
-0.000057566
-0.000017311
0.000034187
0.000061620
0.000046609
-0.000000000
-0.000045947
-0.000059884
-0.000032752
0.000016349
0.000053597
0.000053738
0.000017199
-0.000030562
-0.000056791
-0.000043888
-0.000001212
0.000041691
0.000055536
0.000031280
-0.000013986
-0.000049072
-0.000050173
-0.000017012
0.000027299
0.000052360
0.000041331
0.000002243
-0.000037835
-0.000051532
-0.000029863
0.000011893
0.000044956
0.000046877
0.000016770
-0.000024374
-0.000048317
-0.000038949
-0.000003118
0.000034357
0.000047870
0.000028518
-0.000010044
-0.000041232
-0.000043851
-0.000016495
0.000021761
0.000044652
0.000036751
0.000003859
-0.000031237
-0.000044544
-0.000027259
0.000008417
0.000037884
0.000041100
0.000016205
-0.000019439
-0.000041353
-0.000034746
-0.000004490
0.000028454
0.000041550
0.000026102
-0.000006985
-0.000034894
-0.000038623
-0.000015921
0.000017383
0.000038409
0.000032941
0.000005032
-0.000025986
-0.000038882
-0.000025058
0.000005728
0.000032244
0.000036421
0.000015659
-0.000015570
-0.000035807
-0.000031343
-0.000005505
0.000023812
0.000036533
0.000024141
-0.000004622
-0.000029919
-0.000034493
-0.000015436
0.000013979
0.000033533
0.000029957
0.000005930
-0.000021913
-0.000034495
-0.000023360
0.000003645
0.000027899
0.000032839
0.000015267
-0.000012588
-0.000031575
-0.000028787
-0.000006326
0.000020267
0.000032760
0.000022726
-0.000002777
-0.000026167
-0.000031454
-0.000015166
0.000011374
0.000029919
0.000027837
0.000006710
-0.000018853
-0.000031319
-0.000022246
0.000001998
0.000024705
0.000030335
0.000015148
-0.000010317
-0.000028551
-0.000027108
-0.000007100
0.000017653
0.000030163
0.000021930
-0.000001288
-0.000023495
-0.000029480
-0.000015224
0.000009397
0.000027455
0.000026602
0.000007511
-0.000016645
-0.000029281
-0.000021782
0.000000628
0.000022519
0.000028881
0.000015405
-0.000008594
-0.000026617
-0.000026318
-0.000007959
0.000015810
0.000028663
0.000021809
-0.000000000
