0.000011976
0.000027728
0.000024438
0.000004322
-0.000018824
-0.000029080
-0.000019350
0.000003731
0.000024319
0.000028236
0.000012725
-0.000011607
-0.000028040
-0.000025230
-0.000005030
0.000018721
0.000029684
0.000020248
-0.000003183
-0.000024536
-0.000029091
-0.000013624
0.000011315
0.000028593
0.000026260
0.000005813
-0.000018762
-0.000030552
-0.000021351
0.000002629
0.000024952
0.000030216
0.000014678
-0.000011090
-0.000029389
-0.000027548
-0.000006690
0.000018937
0.000031692
0.000022679
-0.000002052
-0.000025563
-0.000031623
-0.000015908
0.000010916
0.000030431
0.000029108
0.000007680
-0.000019237
-0.000033112
-0.000024251
0.000001434
0.000026366
0.000033324
0.000017335
-0.000010778
-0.000031719
-0.000030957
-0.000008804
0.000019651
0.000034818
0.000026086
-0.000000757
-0.000027356
-0.000035332
-0.000018980
0.000010662
0.000033255
0.000033112
0.000010084
-0.000020167
-0.000036816
-0.000028204
-0.000000000
0.000028525
0.000037658
0.000020863
-0.000010550
-0.000035037
-0.000035588
-0.000011539
0.000020774
0.000039111
0.000030624
0.000000857
-0.000029866
-0.000040312
-0.000023007
0.000010424
0.000037063
0.000038401
0.000013194
-0.000021457
-0.000041707
-0.000033365
-0.000001835
0.000031371
0.000043304
0.000025434
-0.000010266
-0.000039330
-0.000041566
-0.000015071
0.000022202
0.000044608
0.000036447
0.000002957
-0.000033029
-0.000046644
-0.000028165
0.000010055
0.000041836
0.000045098
0.000017194
-0.000022992
-0.000047817
-0.000039890
-0.000004245
0.000034830
0.000050341
0.000031224
-0.000009771
-0.000044574
-0.000049011
-0.000019585
0.000023810
0.000051334
0.000043712
0.000005724
-0.000036762
-0.000054401
-0.000034632
0.000009392
0.000047539
0.000053320
0.000022271
-0.000024638
-0.000055160
-0.000047932
-0.000007418
0.000038812
0.000058834
0.000038413
-0.000008895
-0.000050724
-0.000058038
-0.000025276
0.000025457
0.000059296
0.000052570
0.000009351
-0.000040965
-0.000063645
-0.000042590
0.000008257
0.000054121
0.000063178
0.000028625
-0.000026246
-0.000063739
-0.000057644
-0.000011551
0.000043205
0.000068841
0.000047185
-0.000007452
-0.000057720
-0.000068752
-0.000032344
0.000026984
0.000068487
0.000063173
0.000014045
-0.000045517
-0.000074425
-0.000052223
0.000006455
0.000061511
0.000074774
0.000036460
-0.000027649
-0.000073538
-0.000069176
-0.000016858
0.000047882
0.000080403
0.000057727
-0.000005240
-0.000065482
-0.000081254
-0.000040999
0.000028215
0.000078887
0.000075670
0.000020021
-0.000050282
-0.000086778
-0.000063720
0.000003778
0.000069621
0.000088204
0.000045990
-0.000028660
-0.000084528
-0.000082673
-0.000023562
0.000052695
0.000093552
0.000070226
-0.000002041
-0.000073914
-0.000095633
-0.000051459
0.000028955
0.000090455
0.000090204
0.000027511
-0.000055102
-0.000100728
-0.000077269
-0.000000000
0.000078345
0.000103552
0.000057436
-0.000029075
-0.000096661
-0.000098280
-0.000031898
0.000057478
0.000108305
0.000084873
0.000002377
-0.000082899
-0.000111971
-0.000063948
0.000028991
0.000103137
0.000106918
0.000036755
-0.000059801
-0.000116285
-0.000093062
-0.000005121
0.000087558
0.000120898
0.000071025
-0.000028673
-0.000109874
-0.000116135
-0.000042114
0.000062044
0.000124667
0.000101861
0.000008264
-0.000092303
-0.000130342
-0.000078696
0.000028091
0.000116861
0.000125949
0.000048009
-0.000064183
-0.000133448
-0.000111293
-0.000011841
0.000097114
0.000140310
0.000086993
-0.000027212
-0.000124086
-0.000136376
-0.000054472
0.000066188
0.000142627
0.000121385
0.000015887
-0.000101971
-0.000150810
-0.000095946
0.000026004
0.000131538
0.000147433
0.000061539
-0.000068031
-0.000152201
-0.000132160
-0.000020437
0.000106851
0.000161848
0.000105587
-0.000024431
-0.000139201
-0.000159137
-0.000069246
0.000069682
0.000162166
0.000143644
0.000025529
-0.000111731
-0.000173433
-0.000115947
0.000022457
0.000147061
0.000171505
0.000077629
-0.000071109
-0.000172517
-0.000155864
-0.000031202
0.000116585
0.000185569
0.000127061
-0.000020046
-0.000155103
-0.000184553
-0.000086728
0.000072279
0.000183248
0.000168845
0.000037496
-0.000121388
-0.000198262
-0.000138963
0.000017158
0.000163310
0.000198299
0.000096580
-0.000073157
-0.000194355
-0.000182615
-0.000044453
0.000126112
0.000211519
0.000151687
-0.000013753
-0.000171663
-0.000212759
-0.000107228
0.000073706
0.000205830
0.000197202
0.000052115
-0.000130727
-0.000225345
-0.000165270
0.000009788
0.000180144
0.000227952
0.000118713
-0.000073890
-0.000217666
-0.000212634
-0.000060528
0.000135205
0.000239746
0.000179750
-0.000005219
-0.000188733
-0.000243896
-0.000131080
0.000073667
0.000229856
0.000228941
0.000069739
-0.000139513
-0.000254726
-0.000195167
0.000000000
0.000197408
0.000260610
0.000144374
-0.000072998
-0.000242390
-0.000246154
-0.000079797
0.000143617
0.000270293
0.000211561
0.000005917
-0.000206148
-0.000278113
-0.000158644
0.000071837
0.000255262
0.000264306
0.000090754
-0.000147483
-0.000286451
-0.000228977
-0.000012584
0.000214929
0.000296426
0.000173941
-0.000070140
-0.000268461
-0.000283432
-0.000102663
0.000151074
0.000303208
0.000247458
0.000020054
-0.000223728
-0.000315572
-0.000190318
0.000067858
0.000281979
0.000303567
0.000115583
-0.000154351
-0.000320571
-0.000267055
-0.000028382
0.000232519
0.000335574
0.000207832
-0.000064941
-0.000295806
-0.000324752
-0.000129574
0.000157275
0.000338548
0.000287819
0.000037630
-0.000241275
-0.000356457
-0.000226543
0.000061334
0.000309933
0.000347027
0.000144701
-0.000159802
-0.000357148
-0.000309804
-0.000047859
0.000249970
0.000378251
0.000246517
-0.000056982
-0.000324351
-0.000370438
-0.000161031
0.000161888
0.000376382
0.000333071
0.000059138
-0.000258574
-0.000400985
-0.000267822
0.000051824
0.000339050
0.000395034
0.000178640
-0.000163485
-0.000396261
-0.000357683
-0.000071539
0.000267058
0.000424693
0.000290532
-0.000045796
-0.000354022
-0.000420869
-0.000197607
0.000164543
0.000416802
0.000383711
0.000085140
-0.000275390
-0.000449413
-0.000314731
0.000038829
0.000369258
0.000448001
0.000218018
-0.000165008
-0.000438019
-0.000411230
-0.000100023
0.000283539
0.000475187
0.000340505
-0.000030849
-0.000384751
-0.000476495
-0.000239965
0.000164823
0.000459934
0.000440326
0.000116280
-0.000291468
-0.000502062
-0.000367951
0.000021776
0.000400495
0.000506425
0.000263552
-0.000163927
-0.000482569
-0.000471090
-0.000134010
0.000299144
0.000530091
0.000397177
-0.000011524
-0.000416483
-0.000537870
-0.000288890
0.000162256
0.000505951
0.000503627
0.000153319
-0.000306529
-0.000559335
-0.000428300
-0.000000000
0.000432713
0.000570921
0.000316102
-0.000159737
-0.000530114
-0.000538049
-0.000174328
0.000313583
0.000589862
0.000461450
0.000012900
-0.000449181
-0.000605680
-0.000345326
0.000156294
0.000555095
0.000574488
0.000197166
-0.000320263
-0.000621751
-0.000496776
-0.000027290
0.000465887
0.000642263
0.000376715
-0.000151843
-0.000580940
-0.000613087
-0.000221981
0.000326527
0.000655093
0.000534441
0.000043294
-0.000482835
-0.000680801
-0.000410440
0.000146292
0.000607703
0.000654013
0.000248935
-0.000332326
-0.000689992
-0.000574633
-0.000061053
0.000500029
0.000721446
0.000446694
-0.000139540
-0.000635445
-0.000697452
-0.000278212
0.000337610
0.000726569
0.000617561
0.000080723
-0.000517480
-0.000764368
-0.000485696
0.000131473
0.000664243
0.000743619
0.000310020
-0.000342324
-0.000764963
-0.000663470
-0.000102481
0.000535201
0.000809770
0.000527696
-0.000121965
-0.000694185
-0.000792762
-0.000344595
0.000346407
0.000805338
0.000712636
0.000126528
-0.000553212
-0.000857881
-0.000572982
0.000110874
0.000725376
0.000845167
0.000382208
-0.000349795
-0.000847887
-0.000765381
-0.000153092
0.000571538
0.000908972
0.000621884
-0.000098036
-0.000757943
-0.000901168
-0.000423174
0.000352415
0.000892833
0.000822079
0.000182438
-0.000590214
-0.000963361
-0.000674790
0.000083267
0.000792036
0.000961155
0.000467854
-0.000354186
-0.000940446
-0.000883168
-0.000214873
0.000609284
0.001021420
0.000732149
-0.000066352
-0.000827834
-0.001025588
-0.000516676
0.000355016
0.000991041
0.000949164
0.000250754
-0.000628804
-0.001083594
-0.000794494
0.000047041
0.000865555
0.001095014
0.000570142
-0.000354801
-0.001044999
-0.001020680
-0.000290506
0.000648843
0.001150414
0.000862458
-0.000025040
-0.000905462
-0.001170085
-0.000628849
0.000353422
0.001102778
0.001098449
0.000334630
-0.000669490
-0.001222517
-0.000936800
-0.000000000
0.000947874
0.001251590
0.000693515
-0.000350737
-0.001164933
-0.001183357
-0.000383732
0.000690859
0.001300679
0.001018436
0.000028497
-0.000993183
-0.001340486
-0.000765009
0.000346580
0.001232145
0.001276482
0.000438545
-0.000713089
-0.001385850
-0.001108487
-0.000060961
0.001041875
0.001437946
0.000844394
-0.000340752
-0.001305251
-0.001379153
-0.000499967
0.000736360
0.001479204
0.001208334
0.000098014
-0.001094554
-0.001545427
-0.000932989
0.000333010
0.001385299
0.001493021
0.000569118
-0.000760900
-0.001582209
-0.001319704
-0.000140434
0.001151982
0.001664759
0.001032442
-0.000323053
-0.001473611
-0.001620166
-0.000647400
0.000787002
0.001696727
0.001444780
0.000189199
-0.001215131
-0.001798266
-0.001144853
0.000310506
0.001571876
0.001763249
0.000736609
-0.000815048
-0.001825146
-0.001586366
-0.000245565
0.001285256
0.001948950
0.001272928
-0.000294884
-0.001682288
-0.001925719
-0.000839071
0.000845537
0.001970585
0.001748122
0.000311167
-0.001364011
-0.002120752
-0.001420224
0.000275559
0.001807746
0.002112137
0.000957862
-0.000879141
-0.002137190
-0.001934918
-0.000388183
0.001453607
0.002318946
0.001591506
-0.000251688
-0.001952156
-0.002328655
-0.001097138
0.000916774
0.002330592
0.002153378
0.000479575
-0.001557071
-0.002550761
-0.001793313
0.000222122
0.002120910
0.002583773
0.001262647
-0.000959710
-0.002558633
-0.002412744
-0.000589483
0.001678656
0.002826361
0.002034861
-0.000185238
-0.002321654
-0.002889582
-0.001462587
0.001009779
0.002832565
0.002726308
0.000723876
-0.001824521
-0.003160510
-0.002329572
0.000138674
0.002565611
0.003263868
0.001709053
-0.001069698
-0.003169124
-0.003113909
-0.000891685
0.002003936
0.003575490
0.002697783
-0.000078838
-0.002869924
-0.003733916
-0.002020673
0.001143675
0.003594317
0.003606511
0.001106915
-0.002231511
-0.004106586
-0.003171845
-0.000000000
0.003262157
0.004343812
0.002427701
-0.001238596
-0.004150874
-0.004255274
-0.001392835
0.002531684
0.004813165
0.003806535
0.000107606
-0.003789607
-0.005169722
-0.002982776
0.001366531
0.004914241
0.005151214
0.001791160
-0.002948635
-0.005803441
-0.004702550
-0.000262081
0.004540800
0.006355532
0.003786290
-0.001550741
-0.006031275
-0.006473378
-0.002384855
0.003571249
0.007297684
0.006067365
0.000501186
-0.005702897
-0.008209598
-0.005056446
0.001842544
0.007830877
0.008629192
0.003365859
-0.004608771
-0.009823877
-0.008407786
-0.000919004
0.007752036
0.011533676
0.007373760
-0.002381820
-0.011232675
-0.012788953
-0.005301464
0.006698693
0.015043283
0.013374216
0.001833370
-0.012361551
-0.019267607
-0.012966694
0.003732933
0.020153663
0.024242489
0.010929494
-0.013149964
-0.032311539
-0.031160413
-0.005426761
0.032532081
0.057870137
0.045853260
-0.013555209
-0.107450331
-0.203448468
-0.263916930
0.736083070
-0.203448468
-0.107450331
-0.013555209
0.045853260
0.057870137
0.032532081
-0.005426761
-0.031160413
-0.032311539
-0.013149964
0.010929494
0.024242489
0.020153663
0.003732933
-0.012966694
-0.019267607
-0.012361551
0.001833370
0.013374216
0.015043283
0.006698693
-0.005301464
-0.012788953
-0.011232675
-0.002381820
0.007373760
0.011533676
0.007752036
-0.000919004
-0.008407786
-0.009823877
-0.004608771
0.003365859
0.008629192
0.007830877
0.001842544
-0.005056446
-0.008209598
-0.005702897
0.000501186
0.006067365
0.007297684
0.003571249
-0.002384855
-0.006473378
-0.006031275
-0.001550741
0.003786290
0.006355532
0.004540800
-0.000262081
-0.004702550
-0.005803441
-0.002948635
0.001791160
0.005151214
0.004914241
0.001366531
-0.002982776
-0.005169722
-0.003789607
0.000107606
0.003806535
0.004813165
0.002531684
-0.001392835
-0.004255274
-0.004150874
-0.001238596
0.002427701
0.004343812
0.003262157
-0.000000000
-0.003171845
-0.004106586
-0.002231511
0.001106915
0.003606511
0.003594317
0.001143675
-0.002020673
-0.003733916
-0.002869924
-0.000078838
0.002697783
0.003575490
0.002003936
-0.000891685
-0.003113909
-0.003169124
-0.001069698
0.001709053
0.003263868
0.002565611
0.000138674
-0.002329572
-0.003160510
-0.001824521
0.000723876
0.002726308
0.002832565
0.001009779
-0.001462587
-0.002889582
-0.002321654
-0.000185238
0.002034861
0.002826361
0.001678656
-0.000589483
-0.002412744
-0.002558633
-0.000959710
0.001262647
0.002583773
0.002120910
0.000222122
-0.001793313
-0.002550761
-0.001557071
0.000479575
0.002153378
0.002330592
0.000916774
-0.001097138
-0.002328655
-0.001952156
-0.000251688
0.001591506
0.002318946
0.001453607
-0.000388183
-0.001934918
-0.002137190
-0.000879141
0.000957862
0.002112137
0.001807746
0.000275559
-0.001420224
-0.002120752
-0.001364011
0.000311167
0.001748122
0.001970585
0.000845537
-0.000839071
-0.001925719
-0.001682288
-0.000294884
0.001272928
0.001948950
0.001285256
-0.000245565
-0.001586366
-0.001825146
-0.000815048
0.000736609
0.001763249
0.001571876
0.000310506
-0.001144853
-0.001798266
-0.001215131
0.000189199
0.001444780
0.001696727
0.000787002
-0.000647400
-0.001620166
-0.001473611
-0.000323053
0.001032442
0.001664759
0.001151982
-0.000140434
-0.001319704
-0.001582209
-0.000760900
0.000569118
0.001493021
0.001385299
0.000333010
-0.000932989
-0.001545427
-0.001094554
0.000098014
0.001208334
0.001479204
0.000736360
-0.000499967
-0.001379153
-0.001305251
-0.000340752
0.000844394
0.001437946
0.001041875
-0.000060961
-0.001108487
-0.001385850
-0.000713089
0.000438545
0.001276482
0.001232145
0.000346580
-0.000765009
-0.001340486
-0.000993183
0.000028497
0.001018436
0.001300679
0.000690859
-0.000383732
-0.001183357
-0.001164933
-0.000350737
0.000693515
0.001251590
0.000947874
-0.000000000
-0.000936800
-0.001222517
-0.000669490
0.000334630
0.001098449
0.001102778
0.000353422
-0.000628849
-0.001170085
-0.000905462
-0.000025040
0.000862458
0.001150414
0.000648843
-0.000290506
-0.001020680
-0.001044999
-0.000354801
0.000570142
0.001095014
0.000865555
0.000047041
-0.000794494
-0.001083594
-0.000628804
0.000250754
0.000949164
0.000991041
0.000355016
-0.000516676
-0.001025588
-0.000827834
-0.000066352
0.000732149
0.001021420
0.000609284
-0.000214873
-0.000883168
-0.000940446
-0.000354186
0.000467854
0.000961155
0.000792036
0.000083267
-0.000674790
-0.000963361
-0.000590214
0.000182438
0.000822079
0.000892833
0.000352415
-0.000423174
-0.000901168
-0.000757943
-0.000098036
0.000621884
0.000908972
0.000571538
-0.000153092
-0.000765381
-0.000847887
-0.000349795
0.000382208
0.000845167
0.000725376
0.000110874
-0.000572982
-0.000857881
-0.000553212
0.000126528
0.000712636
0.000805338
0.000346407
-0.000344595
-0.000792762
-0.000694185
-0.000121965
0.000527696
0.000809770
0.000535201
-0.000102481
-0.000663470
-0.000764963
-0.000342324
0.000310020
0.000743619
0.000664243
0.000131473
-0.000485696
-0.000764368
-0.000517480
0.000080723
0.000617561
0.000726569
0.000337610
-0.000278212
-0.000697452
-0.000635445
-0.000139540
0.000446694
0.000721446
0.000500029
-0.000061053
-0.000574633
-0.000689992
-0.000332326
0.000248935
0.000654013
0.000607703
0.000146292
-0.000410440
-0.000680801
-0.000482835
0.000043294
0.000534441
0.000655093
0.000326527
-0.000221981
-0.000613087
-0.000580940
-0.000151843
0.000376715
0.000642263
0.000465887
-0.000027290
-0.000496776
-0.000621751
-0.000320263
0.000197166
0.000574488
0.000555095
0.000156294
-0.000345326
-0.000605680
-0.000449181
0.000012900
0.000461450
0.000589862
0.000313583
-0.000174328
-0.000538049
-0.000530114
-0.000159737
0.000316102
0.000570921
0.000432713
-0.000000000
-0.000428300
-0.000559335
-0.000306529
0.000153319
0.000503627
0.000505951
0.000162256
-0.000288890
-0.000537870
-0.000416483
-0.000011524
0.000397177
0.000530091
0.000299144
-0.000134010
-0.000471090
-0.000482569
-0.000163927
0.000263552
0.000506425
0.000400495
0.000021776
-0.000367951
-0.000502062
-0.000291468
0.000116280
0.000440326
0.000459934
0.000164823
-0.000239965
-0.000476495
-0.000384751
-0.000030849
0.000340505
0.000475187
0.000283539
-0.000100023
-0.000411230
-0.000438019
-0.000165008
0.000218018
0.000448001
0.000369258
0.000038829
-0.000314731
-0.000449413
-0.000275390
0.000085140
0.000383711
0.000416802
0.000164543
-0.000197607
-0.000420869
-0.000354022
-0.000045796
0.000290532
0.000424693
0.000267058
-0.000071539
-0.000357683
-0.000396261
-0.000163485
0.000178640
0.000395034
0.000339050
0.000051824
-0.000267822
-0.000400985
-0.000258574
0.000059138
0.000333071
0.000376382
0.000161888
-0.000161031
-0.000370438
-0.000324351
-0.000056982
0.000246517
0.000378251
0.000249970
-0.000047859
-0.000309804
-0.000357148
-0.000159802
0.000144701
0.000347027
0.000309933
0.000061334
-0.000226543
-0.000356457
-0.000241275
0.000037630
0.000287819
0.000338548
0.000157275
-0.000129574
-0.000324752
-0.000295806
-0.000064941
0.000207832
0.000335574
0.000232519
-0.000028382
-0.000267055
-0.000320571
-0.000154351
0.000115583
0.000303567
0.000281979
0.000067858
-0.000190318
-0.000315572
-0.000223728
0.000020054
0.000247458
0.000303208
0.000151074
-0.000102663
-0.000283432
-0.000268461
-0.000070140
0.000173941
0.000296426
0.000214929
-0.000012584
-0.000228977
-0.000286451
-0.000147483
0.000090754
0.000264306
0.000255262
0.000071837
-0.000158644
-0.000278113
-0.000206148
0.000005917
0.000211561
0.000270293
0.000143617
-0.000079797
-0.000246154
-0.000242390
-0.000072998
0.000144374
0.000260610
0.000197408
0.000000000
-0.000195167
-0.000254726
-0.000139513
0.000069739
0.000228941
0.000229856
0.000073667
-0.000131080
-0.000243896
-0.000188733
-0.000005219
0.000179750
0.000239746
0.000135205
-0.000060528
-0.000212634
-0.000217666
-0.000073890
0.000118713
0.000227952
0.000180144
0.000009788
-0.000165270
-0.000225345
-0.000130727
0.000052115
0.000197202
0.000205830
0.000073706
-0.000107228
-0.000212759
-0.000171663
-0.000013753
0.000151687
0.000211519
0.000126112
-0.000044453
-0.000182615
-0.000194355
-0.000073157
0.000096580
0.000198299
0.000163310
0.000017158
-0.000138963
-0.000198262
-0.000121388
0.000037496
0.000168845
0.000183248
0.000072279
-0.000086728
-0.000184553
-0.000155103
-0.000020046
0.000127061
0.000185569
0.000116585
-0.000031202
-0.000155864
-0.000172517
-0.000071109
0.000077629
0.000171505
0.000147061
0.000022457
-0.000115947
-0.000173433
-0.000111731
0.000025529
0.000143644
0.000162166
0.000069682
-0.000069246
-0.000159137
-0.000139201
-0.000024431
0.000105587
0.000161848
0.000106851
-0.000020437
-0.000132160
-0.000152201
-0.000068031
0.000061539
0.000147433
0.000131538
0.000026004
-0.000095946
-0.000150810
-0.000101971
0.000015887
0.000121385
0.000142627
0.000066188
-0.000054472
-0.000136376
-0.000124086
-0.000027212
0.000086993
0.000140310
0.000097114
-0.000011841
-0.000111293
-0.000133448
-0.000064183
0.000048009
0.000125949
0.000116861
0.000028091
-0.000078696
-0.000130342
-0.000092303
0.000008264
0.000101861
0.000124667
0.000062044
-0.000042114
-0.000116135
-0.000109874
-0.000028673
0.000071025
0.000120898
0.000087558
-0.000005121
-0.000093062
-0.000116285
-0.000059801
0.000036755
0.000106918
0.000103137
0.000028991
-0.000063948
-0.000111971
-0.000082899
0.000002377
0.000084873
0.000108305
0.000057478
-0.000031898
-0.000098280
-0.000096661
-0.000029075
0.000057436
0.000103552
0.000078345
-0.000000000
-0.000077269
-0.000100728
-0.000055102
0.000027511
0.000090204
0.000090455
0.000028955
-0.000051459
-0.000095633
-0.000073914
-0.000002041
0.000070226
0.000093552
0.000052695
-0.000023562
-0.000082673
-0.000084528
-0.000028660
0.000045990
0.000088204
0.000069621
0.000003778
-0.000063720
-0.000086778
-0.000050282
0.000020021
0.000075670
0.000078887
0.000028215
-0.000040999
-0.000081254
-0.000065482
-0.000005240
0.000057727
0.000080403
0.000047882
-0.000016858
-0.000069176
-0.000073538
-0.000027649
0.000036460
0.000074774
0.000061511
0.000006455
-0.000052223
-0.000074425
-0.000045517
0.000014045
0.000063173
0.000068487
0.000026984
-0.000032344
-0.000068752
-0.000057720
-0.000007452
0.000047185
0.000068841
0.000043205
-0.000011551
-0.000057644
-0.000063739
-0.000026246
0.000028625
0.000063178
0.000054121
0.000008257
-0.000042590
-0.000063645
-0.000040965
0.000009351
0.000052570
0.000059296
0.000025457
-0.000025276
-0.000058038
-0.000050724
-0.000008895
0.000038413
0.000058834
0.000038812
-0.000007418
-0.000047932
-0.000055160
-0.000024638
0.000022271
0.000053320
0.000047539
0.000009392
-0.000034632
-0.000054401
-0.000036762
0.000005724
0.000043712
0.000051334
0.000023810
-0.000019585
-0.000049011
-0.000044574
-0.000009771
0.000031224
0.000050341
0.000034830
-0.000004245
-0.000039890
-0.000047817
-0.000022992
0.000017194
0.000045098
0.000041836
0.000010055
-0.000028165
-0.000046644
-0.000033029
0.000002957
0.000036447
0.000044608
0.000022202
-0.000015071
-0.000041566
-0.000039330
-0.000010266
0.000025434
0.000043304
0.000031371
-0.000001835
-0.000033365
-0.000041707
-0.000021457
0.000013194
0.000038401
0.000037063
0.000010424
-0.000023007
-0.000040312
-0.000029866
0.000000857
0.000030624
0.000039111
0.000020774
-0.000011539
-0.000035588
-0.000035037
-0.000010550
0.000020863
0.000037658
0.000028525
-0.000000000
-0.000028204
-0.000036816
-0.000020167
0.000010084
0.000033112
0.000033255
0.000010662
-0.000018980
-0.000035332
-0.000027356
-0.000000757
0.000026086
0.000034818
0.000019651
-0.000008804
-0.000030957
-0.000031719
-0.000010778
0.000017335
0.000033324
0.000026366
0.000001434
-0.000024251
-0.000033112
-0.000019237
0.000007680
0.000029108
0.000030431
0.000010916
-0.000015908
-0.000031623
-0.000025563
-0.000002052
0.000022679
0.000031692
0.000018937
-0.000006690
-0.000027548
-0.000029389
-0.000011090
0.000014678
0.000030216
0.000024952
0.000002629
-0.000021351
-0.000030552
-0.000018762
0.000005813
0.000026260
0.000028593
0.000011315
-0.000013624
-0.000029091
-0.000024536
-0.000003183
0.000020248
0.000029684
0.000018721
-0.000005030
-0.000025230
-0.000028040
-0.000011607
0.000012725
0.000028236
0.000024319
0.000003731
-0.000019350
-0.000029080
-0.000018824
0.000004322
0.000024438
0.000027728
0.000011976
