0.000000000
0.000113416
-0.000161946
0.000115878
-0.000000000
-0.000119432
0.000172012
-0.000124118
-0.000000000
0.000129975
-0.000188594
0.000137045
-0.000000000
-0.000145369
0.000212151
-0.000154987
0.000000000
0.000165944
-0.000243156
0.000178282
-0.000000000
-0.000192044
0.000282099
-0.000207277
0.000000000
0.000224025
-0.000329486
0.000242336
0.000000000
-0.000262257
0.000385851
-0.000283840
-0.000000000
0.000307133
-0.000451754
0.000332191
-0.000000000
-0.000359068
0.000527792
-0.000387819
-0.000000000
0.000418504
-0.000614605
0.000451185
-0.000000000
-0.000485924
0.000712887
-0.000522790
-0.000000000
0.000561853
-0.000823400
0.000603188
-0.000000000
-0.000646872
0.000946987
-0.000692989
0.000000000
0.000741628
-0.001084593
0.000792884
-0.000000000
-0.000846857
0.001237290
-0.000903656
-0.000000000
0.000963397
-0.001406308
0.001026206
-0.000000000
-0.001092219
0.001593073
-0.001161584
-0.000000000
0.001234460
-0.001799261
0.001311024
0.000000000
-0.001391465
0.002026859
-0.001475996
0.000000000
0.001564846
-0.002278255
0.001658271
-0.000000000
-0.001756553
0.002556350
-0.001860006
0.000000000
0.001968979
-0.002864710
0.002083863
-0.000000000
-0.002205094
0.003207778
-0.002333166
-0.000000000
0.002468633
-0.003591160
0.002612125
-0.000000000
-0.002764359
0.004022032
-0.002926154
-0.000000000
0.003098448
-0.004509735
0.003282325
-0.000000000
-0.003479040
0.005066646
-0.003690056
-0.000000000
0.003917088
-0.005709504
0.004162159
-0.000000000
-0.004427671
0.006461499
-0.004716499
0.000000000
0.005032112
-0.007355676
0.005378734
-0.000000000
-0.005761560
0.008440744
-0.006187047
-0.000000000
0.006663328
-0.009791522
0.007200784
-0.000000000
-0.007812883
0.011529044
-0.008517405
-0.000000000
0.009338330
-0.013862577
0.010308778
-0.000000000
-0.011475830
0.017187673
-0.012908734
-0.000000000
0.014713687
-0.022352304
0.017062254
-0.000000000
-0.020250796
0.031561721
-0.024839136
-0.000000000
0.032026924
-0.052902739
0.044933302
-0.000000000
-0.074995205
0.159159415
-0.225145291
0.250095719
-0.225145291
0.159159415
-0.074995205
-0.000000000
0.044933302
-0.052902739
0.032026924
-0.000000000
-0.024839136
0.031561721
-0.020250796
-0.000000000
0.017062254
-0.022352304
0.014713687
-0.000000000
-0.012908734
0.017187673
-0.011475830
-0.000000000
0.010308778
-0.013862577
0.009338330
-0.000000000
-0.008517405
0.011529044
-0.007812883
-0.000000000
0.007200784
-0.009791522
0.006663328
-0.000000000
-0.006187047
0.008440744
-0.005761560
-0.000000000
0.005378734
-0.007355676
0.005032112
0.000000000
-0.004716499
0.006461499
-0.004427671
-0.000000000
0.004162159
-0.005709504
0.003917088
-0.000000000
-0.003690056
0.005066646
-0.003479040
-0.000000000
0.003282325
-0.004509735
0.003098448
-0.000000000
-0.002926154
0.004022032
-0.002764359
-0.000000000
0.002612125
-0.003591160
0.002468633
-0.000000000
-0.002333166
0.003207778
-0.002205094
-0.000000000
0.002083863
-0.002864710
0.001968979
0.000000000
-0.001860006
0.002556350
-0.001756553
-0.000000000
0.001658271
-0.002278255
0.001564846
0.000000000
-0.001475996
0.002026859
-0.001391465
0.000000000
0.001311024
-0.001799261
0.001234460
-0.000000000
-0.001161584
0.001593073
-0.001092219
-0.000000000
0.001026206
-0.001406308
0.000963397
-0.000000000
-0.000903656
0.001237290
-0.000846857
-0.000000000
0.000792884
-0.001084593
0.000741628
0.000000000
-0.000692989
0.000946987
-0.000646872
-0.000000000
0.000603188
-0.000823400
0.000561853
-0.000000000
-0.000522790
0.000712887
-0.000485924
-0.000000000
0.000451185
-0.000614605
0.000418504
-0.000000000
-0.000387819
0.000527792
-0.000359068
-0.000000000
0.000332191
-0.000451754
0.000307133
-0.000000000
-0.000283840
0.000385851
-0.000262257
0.000000000
0.000242336
-0.000329486
0.000224025
0.000000000
-0.000207277
0.000282099
-0.000192044
-0.000000000
0.000178282
-0.000243156
0.000165944
0.000000000
-0.000154987
0.000212151
-0.000145369
-0.000000000
0.000137045
-0.000188594
0.000129975
-0.000000000
-0.000124118
0.000172012
-0.000119432
-0.000000000
0.000115878
-0.000161946
0.000113416
0.000000000
