-0.000000000
0.000845602
-0.001728314
0.002323078
-0.001967575
0.000000000
0.003611989
-0.007730582
0.010061261
-0.007980217
-0.000000000
0.012752775
-0.025876196
0.032463877
-0.025331587
0.000000000
0.042769041
-0.096084125
0.148317526
-0.186490935
0.200486654
-0.186490935
0.148317526
-0.096084125
0.042769041
0.000000000
-0.025331587
0.032463877
-0.025876196
0.012752775
-0.000000000
-0.007980217
0.010061261
-0.007730582
0.003611989
0.000000000
-0.001967575
0.002323078
-0.001728314
0.000845602
-0.000000000
