-0.000008122
-0.000021823
-0.000028653
-0.000026433
-0.000015842
-0.000000207
0.000015541
0.000026419
0.000028970
0.000022359
0.000008645
-0.000007858
-0.000021937
-0.000029126
-0.000027121
-0.000016518
-0.000000635
0.000015523
0.000026840
0.000029710
0.000023181
0.000009273
-0.000007649
-0.000022239
-0.000029863
-0.000028066
-0.000017362
-0.000001090
0.000015629
0.000027499
0.000030726
0.000024232
0.000010010
-0.000007485
-0.000022728
-0.000030871
-0.000029281
-0.000018391
-0.000001584
0.000015854
0.000028397
0.000032030
0.000025527
0.000010871
-0.000007357
-0.000023403
-0.000032157
-0.000030780
-0.000019619
-0.000002131
0.000016190
0.000029539
0.000033631
0.000027082
0.000011871
-0.000007255
-0.000024261
-0.000033728
-0.000032575
-0.000021064
-0.000002745
0.000016633
0.000030925
0.000035540
0.000028912
0.000013026
-0.000007168
-0.000025301
-0.000035591
-0.000034682
-0.000022740
-0.000003438
0.000017173
0.000032558
0.000037768
0.000031032
0.000014352
-0.000007084
-0.000026519
-0.000037750
-0.000037112
-0.000024665
-0.000004226
0.000017804
0.000034439
0.000040325
0.000033458
0.000015865
-0.000006992
-0.000027911
-0.000040213
-0.000039879
-0.000026856
-0.000005123
0.000018517
0.000036569
0.000043220
0.000036207
0.000017582
-0.000006879
-0.000029472
-0.000042985
-0.000042998
-0.000029329
-0.000006146
0.000019302
0.000038949
0.000046464
0.000039293
0.000019521
-0.000006732
-0.000031199
-0.000046070
-0.000046481
-0.000032103
-0.000007310
0.000020151
0.000041577
0.000050065
0.000042735
0.000021699
-0.000006537
-0.000033085
-0.000049473
-0.000050341
-0.000035196
-0.000008633
0.000021052
0.000044453
0.000054033
0.000046546
0.000024135
-0.000006278
-0.000035125
-0.000053199
-0.000054592
-0.000038625
-0.000010132
0.000021994
0.000047577
0.000058377
0.000050746
0.000026847
-0.000005943
-0.000037311
-0.000057251
-0.000059248
-0.000042409
-0.000011824
0.000022967
0.000050946
0.000063107
0.000055349
0.000029855
-0.000005513
-0.000039637
-0.000061632
-0.000064321
-0.000046567
-0.000013729
0.000023956
0.000054558
0.000068229
0.000060373
0.000033179
-0.000004974
-0.000042094
-0.000066347
-0.000069825
-0.000051119
-0.000015865
0.000024950
0.000058410
0.000073754
0.000065835
0.000036838
-0.000004307
-0.000044674
-0.000071398
-0.000075772
-0.000056083
-0.000018253
0.000025934
0.000062499
0.000079689
0.000071752
0.000040854
-0.000003495
-0.000047367
-0.000076786
-0.000082178
-0.000061481
-0.000020912
0.000026895
0.000066821
0.000086042
0.000078141
0.000045249
-0.000002519
-0.000050165
-0.000082515
-0.000089054
-0.000067332
-0.000023865
0.000027816
0.000071373
0.000092821
0.000085021
0.000050043
-0.000001361
-0.000053056
-0.000088587
-0.000096414
-0.000073657
-0.000027132
0.000028683
0.000076148
0.000100035
0.000092410
0.000055260
-0.000000000
-0.000056029
-0.000095001
-0.000104272
-0.000080479
-0.000030736
0.000029479
0.000081143
0.000107691
0.000100325
0.000060922
0.000001585
-0.000059073
-0.000101760
-0.000112642
-0.000087818
-0.000034702
0.000030186
0.000086351
0.000115797
0.000108786
0.000067055
0.000003414
-0.000062176
-0.000108865
-0.000121537
-0.000095698
-0.000039052
0.000030786
0.000091766
0.000124360
0.000117812
0.000073682
0.000005512
-0.000065324
-0.000116316
-0.000130971
-0.000104141
-0.000043812
0.000031261
0.000097381
0.000133388
0.000127422
0.000080829
0.000007900
-0.000068504
-0.000124114
-0.000140960
-0.000113172
-0.000049007
0.000031591
0.000103190
0.000142888
0.000137637
0.000088523
0.000010603
-0.000071702
-0.000132259
-0.000151517
-0.000122815
-0.000054665
0.000031756
0.000109185
0.000152870
0.000148478
0.000096790
0.000013646
-0.000074902
-0.000140750
-0.000162658
-0.000133095
-0.000060814
0.000031733
0.000115357
0.000163340
0.000159966
0.000105660
0.000017055
-0.000078090
-0.000149589
-0.000174399
-0.000144041
-0.000067481
0.000031501
0.000121699
0.000174308
0.000172124
0.000115161
0.000020859
-0.000081248
-0.000158775
-0.000186756
-0.000155678
-0.000074699
0.000031037
0.000128201
0.000185781
0.000184976
0.000125326
0.000025084
-0.000084359
-0.000168307
-0.000199745
-0.000168037
-0.000082498
0.000030316
0.000134855
0.000197769
0.000198545
0.000136185
0.000029762
-0.000087407
-0.000178186
-0.000213386
-0.000181147
-0.000090912
0.000029313
0.000141651
0.000210282
0.000212857
0.000147773
0.000034923
-0.000090371
-0.000188412
-0.000227697
-0.000195040
-0.000099976
0.000028000
0.000148579
0.000223329
0.000227941
0.000160126
0.000040601
-0.000093233
-0.000198984
-0.000242698
-0.000209750
-0.000109725
0.000026351
0.000155628
0.000236921
0.000243824
0.000173282
0.000046829
-0.000095972
-0.000209905
-0.000258410
-0.000225313
-0.000120200
0.000024336
0.000162789
0.000251071
0.000260538
0.000187279
0.000053644
-0.000098567
-0.000221174
-0.000274857
-0.000241767
-0.000131440
0.000021923
0.000170051
0.000265791
0.000278114
0.000202162
0.000061086
-0.000100996
-0.000232792
-0.000292063
-0.000259152
-0.000143489
0.000019081
0.000177402
0.000281096
0.000296589
0.000217974
0.000069194
-0.000103235
-0.000244762
-0.000310054
-0.000277511
-0.000156395
0.000015775
0.000184831
0.000297001
0.000316001
0.000234764
0.000078012
-0.000105260
-0.000257087
-0.000328861
-0.000296892
-0.000170205
0.000011968
0.000192327
0.000313523
0.000336389
0.000252585
0.000087586
-0.000107046
-0.000269768
-0.000348515
-0.000317344
-0.000184973
0.000007622
0.000199877
0.000330683
0.000357800
0.000271492
0.000097966
-0.000108564
-0.000282812
-0.000369050
-0.000338923
-0.000200757
0.000002695
0.000207470
0.000348501
0.000380282
0.000291546
0.000109206
-0.000109787
-0.000296224
-0.000390506
-0.000361688
-0.000217618
-0.000002857
0.000215094
0.000367002
0.000403889
0.000312813
0.000121362
-0.000110684
-0.000310010
-0.000412925
-0.000385704
-0.000235623
-0.000009081
0.000222736
0.000386213
0.000428679
0.000335365
0.000134497
-0.000111223
-0.000324179
-0.000436354
-0.000411042
-0.000254845
-0.000016028
0.000230384
0.000406165
0.000454717
0.000359280
0.000148678
-0.000111370
-0.000338743
-0.000460846
-0.000437782
-0.000275364
-0.000023753
0.000238026
0.000426894
0.000482076
0.000384647
0.000163979
-0.000111088
-0.000353713
-0.000486461
-0.000466010
-0.000297268
-0.000032318
0.000245649
0.000448439
0.000510837
0.000411560
0.000180480
-0.000110339
-0.000369106
-0.000513265
-0.000495824
-0.000320654
-0.000041786
0.000253240
0.000470846
0.000541088
0.000440125
0.000198271
-0.000109078
-0.000384939
-0.000541332
-0.000527331
-0.000345628
-0.000052230
0.000260787
0.000494167
0.000572932
0.000470462
0.000217450
-0.000107261
-0.000401236
-0.000570747
-0.000560653
-0.000372311
-0.000063730
0.000268278
0.000518460
0.000606481
0.000502703
0.000238126
-0.000104838
-0.000418022
-0.000601607
-0.000595925
-0.000400835
-0.000076372
0.000275699
0.000543795
0.000641865
0.000536997
0.000260421
-0.000101753
-0.000435328
-0.000634020
-0.000633303
-0.000431350
-0.000090254
0.000283039
0.000570250
0.000679231
0.000573513
0.000284472
-0.000097946
-0.000453193
-0.000668112
-0.000672961
-0.000464027
-0.000105486
0.000290284
0.000597915
0.000718744
0.000612442
0.000310433
-0.000093350
-0.000471660
-0.000704026
-0.000715097
-0.000499056
-0.000122190
0.000297423
0.000626895
0.000760595
0.000654002
0.000338480
-0.000087890
-0.000490782
-0.000741928
-0.000759941
-0.000536657
-0.000140505
0.000304444
0.000657312
0.000805007
0.000698442
0.000368812
-0.000081482
-0.000510619
-0.000782010
-0.000807754
-0.000577082
-0.000160590
0.000311334
0.000689309
0.000852231
0.000746051
0.000401658
-0.000074031
-0.000531245
-0.000824494
-0.000858843
-0.000620620
-0.000182626
0.000318081
0.000723052
0.000902566
0.000797161
0.000437284
-0.000065429
-0.000552748
-0.000869639
-0.000913559
-0.000667608
-0.000206823
0.000324675
0.000758736
0.000956356
0.000852163
0.000475996
-0.000055551
-0.000575232
-0.000917753
-0.000972318
-0.000718438
-0.000233424
0.000331104
0.000796594
0.001014008
0.000911512
0.000518154
-0.000044253
-0.000598821
-0.000969196
-0.001035609
-0.000773571
-0.000262715
0.000337356
0.000836899
0.001076004
0.000975746
0.000564182
-0.000031367
-0.000623665
-0.001024397
-0.001104010
-0.000833556
-0.000295033
0.000343420
0.000879982
0.001142918
0.001045507
0.000614583
-0.000016694
-0.000649944
-0.001083869
-0.001178213
-0.000899044
-0.000330777
0.000349287
0.000926238
0.001215437
0.001121562
0.000669959
-0.000000000
-0.000677878
-0.001148235
-0.001259052
-0.000970820
-0.000370428
0.000354946
0.000976148
0.001294395
0.001204841
0.000731037
0.000019000
-0.000707737
-0.001218246
-0.001347541
-0.001049838
-0.000414570
0.000360387
0.001030299
0.001380810
0.001296477
0.000798706
0.000040649
-0.000739851
-0.001294829
-0.001444922
-0.001137267
-0.000463917
0.000365600
0.001089417
0.001475936
0.001397869
0.000874059
0.000065370
-0.000774635
-0.001379134
-0.001552737
-0.001234559
-0.000519355
0.000370577
0.001154410
0.001581342
0.001510764
0.000958462
0.000093689
-0.000812607
-0.001472601
-0.001672921
-0.001343535
-0.000581994
0.000375308
0.001226422
0.001699003
0.001637365
0.001053640
0.000126270
-0.000854430
-0.001577065
-0.001807937
-0.001466514
-0.000653249
0.000379786
0.001306921
0.001831456
0.001780501
0.001161810
0.000163965
-0.000900960
-0.001694892
-0.001960965
-0.001606495
-0.000734952
0.000384002
0.001397814
0.001982000
0.001943859
0.001285859
0.000207882
-0.000953321
-0.001829189
-0.002136187
-0.001767424
-0.000829513
0.000387949
0.001501631
0.002155010
0.002132331
0.001429631
0.000259500
-0.001013015
-0.001984115
-0.002339206
-0.001954601
-0.000940176
0.000391619
0.001621791
0.002356414
0.002352561
0.001598349
0.000320826
-0.001082099
-0.002165366
-0.002577713
-0.002175311
-0.001071409
0.000395008
0.001763033
0.002594442
0.002613791
0.001799300
0.000394671
-0.001163461
-0.002380953
-0.002862551
-0.002439856
-0.001229541
0.000398108
0.001932114
0.002880863
0.002929276
0.002042962
0.000485082
-0.001261281
-0.002642508
-0.003209515
-0.002763285
-0.001423854
0.000400913
0.002139014
0.003233112
0.003318722
0.002344968
0.000598119
-0.001381851
-0.002967590
-0.003642532
-0.003168487
-0.001668515
0.000403420
0.002399106
0.003678161
0.003812746
0.002729715
0.000743281
-0.001535081
-0.003383994
-0.004199670
-0.003692063
-0.001986294
0.000405623
0.002737365
0.004260069
0.004461639
0.003237508
0.000936350
-0.001737549
-0.003938490
-0.004945386
-0.004396383
-0.002416253
0.000407519
0.003197246
0.005056042
0.005354188
0.003940045
0.001205620
-0.002019223
-0.004716320
-0.005998167
-0.005397117
-0.003031493
0.000409104
0.003861631
0.006214816
0.006663202
0.004978366
0.001607362
-0.002440388
-0.005890994
-0.007602141
-0.006935610
-0.003986543
0.000410376
0.004910670
0.008064445
0.008775695
0.006673399
0.002271752
-0.003142962
-0.007878398
-0.010353642
-0.009613198
-0.005674519
0.000411331
0.006823641
0.011499059
0.012773749
0.009946974
0.003583542
-0.004559306
-0.011987085
-0.016194611
-0.015461447
-0.009476947
0.000411969
0.011440385
0.020126050
0.023266274
0.018965793
0.007399574
-0.008933610
-0.025586322
-0.037119456
-0.038430523
-0.026127274
0.000412289
0.038590380
0.082903067
0.125979281
0.160120137
0.178979140
0.178979140
0.160120137
0.125979281
0.082903067
0.038590380
0.000412289
-0.026127274
-0.038430523
-0.037119456
-0.025586322
-0.008933610
0.007399574
0.018965793
0.023266274
0.020126050
0.011440385
0.000411969
-0.009476947
-0.015461447
-0.016194611
-0.011987085
-0.004559306
0.003583542
0.009946974
0.012773749
0.011499059
0.006823641
0.000411331
-0.005674519
-0.009613198
-0.010353642
-0.007878398
-0.003142962
0.002271752
0.006673399
0.008775695
0.008064445
0.004910670
0.000410376
-0.003986543
-0.006935610
-0.007602141
-0.005890994
-0.002440388
0.001607362
0.004978366
0.006663202
0.006214816
0.003861631
0.000409104
-0.003031493
-0.005397117
-0.005998167
-0.004716320
-0.002019223
0.001205620
0.003940045
0.005354188
0.005056042
0.003197246
0.000407519
-0.002416253
-0.004396383
-0.004945386
-0.003938490
-0.001737549
0.000936350
0.003237508
0.004461639
0.004260069
0.002737365
0.000405623
-0.001986294
-0.003692063
-0.004199670
-0.003383994
-0.001535081
0.000743281
0.002729715
0.003812746
0.003678161
0.002399106
0.000403420
-0.001668515
-0.003168487
-0.003642532
-0.002967590
-0.001381851
0.000598119
0.002344968
0.003318722
0.003233112
0.002139014
0.000400913
-0.001423854
-0.002763285
-0.003209515
-0.002642508
-0.001261281
0.000485082
0.002042962
0.002929276
0.002880863
0.001932114
0.000398108
-0.001229541
-0.002439856
-0.002862551
-0.002380953
-0.001163461
0.000394671
0.001799300
0.002613791
0.002594442
0.001763033
0.000395008
-0.001071409
-0.002175311
-0.002577713
-0.002165366
-0.001082099
0.000320826
0.001598349
0.002352561
0.002356414
0.001621791
0.000391619
-0.000940176
-0.001954601
-0.002339206
-0.001984115
-0.001013015
0.000259500
0.001429631
0.002132331
0.002155010
0.001501631
0.000387949
-0.000829513
-0.001767424
-0.002136187
-0.001829189
-0.000953321
0.000207882
0.001285859
0.001943859
0.001982000
0.001397814
0.000384002
-0.000734952
-0.001606495
-0.001960965
-0.001694892
-0.000900960
0.000163965
0.001161810
0.001780501
0.001831456
0.001306921
0.000379786
-0.000653249
-0.001466514
-0.001807937
-0.001577065
-0.000854430
0.000126270
0.001053640
0.001637365
0.001699003
0.001226422
0.000375308
-0.000581994
-0.001343535
-0.001672921
-0.001472601
-0.000812607
0.000093689
0.000958462
0.001510764
0.001581342
0.001154410
0.000370577
-0.000519355
-0.001234559
-0.001552737
-0.001379134
-0.000774635
0.000065370
0.000874059
0.001397869
0.001475936
0.001089417
0.000365600
-0.000463917
-0.001137267
-0.001444922
-0.001294829
-0.000739851
0.000040649
0.000798706
0.001296477
0.001380810
0.001030299
0.000360387
-0.000414570
-0.001049838
-0.001347541
-0.001218246
-0.000707737
0.000019000
0.000731037
0.001204841
0.001294395
0.000976148
0.000354946
-0.000370428
-0.000970820
-0.001259052
-0.001148235
-0.000677878
-0.000000000
0.000669959
0.001121562
0.001215437
0.000926238
0.000349287
-0.000330777
-0.000899044
-0.001178213
-0.001083869
-0.000649944
-0.000016694
0.000614583
0.001045507
0.001142918
0.000879982
0.000343420
-0.000295033
-0.000833556
-0.001104010
-0.001024397
-0.000623665
-0.000031367
0.000564182
0.000975746
0.001076004
0.000836899
0.000337356
-0.000262715
-0.000773571
-0.001035609
-0.000969196
-0.000598821
-0.000044253
0.000518154
0.000911512
0.001014008
0.000796594
0.000331104
-0.000233424
-0.000718438
-0.000972318
-0.000917753
-0.000575232
-0.000055551
0.000475996
0.000852163
0.000956356
0.000758736
0.000324675
-0.000206823
-0.000667608
-0.000913559
-0.000869639
-0.000552748
-0.000065429
0.000437284
0.000797161
0.000902566
0.000723052
0.000318081
-0.000182626
-0.000620620
-0.000858843
-0.000824494
-0.000531245
-0.000074031
0.000401658
0.000746051
0.000852231
0.000689309
0.000311334
-0.000160590
-0.000577082
-0.000807754
-0.000782010
-0.000510619
-0.000081482
0.000368812
0.000698442
0.000805007
0.000657312
0.000304444
-0.000140505
-0.000536657
-0.000759941
-0.000741928
-0.000490782
-0.000087890
0.000338480
0.000654002
0.000760595
0.000626895
0.000297423
-0.000122190
-0.000499056
-0.000715097
-0.000704026
-0.000471660
-0.000093350
0.000310433
0.000612442
0.000718744
0.000597915
0.000290284
-0.000105486
-0.000464027
-0.000672961
-0.000668112
-0.000453193
-0.000097946
0.000284472
0.000573513
0.000679231
0.000570250
0.000283039
-0.000090254
-0.000431350
-0.000633303
-0.000634020
-0.000435328
-0.000101753
0.000260421
0.000536997
0.000641865
0.000543795
0.000275699
-0.000076372
-0.000400835
-0.000595925
-0.000601607
-0.000418022
-0.000104838
0.000238126
0.000502703
0.000606481
0.000518460
0.000268278
-0.000063730
-0.000372311
-0.000560653
-0.000570747
-0.000401236
-0.000107261
0.000217450
0.000470462
0.000572932
0.000494167
0.000260787
-0.000052230
-0.000345628
-0.000527331
-0.000541332
-0.000384939
-0.000109078
0.000198271
0.000440125
0.000541088
0.000470846
0.000253240
-0.000041786
-0.000320654
-0.000495824
-0.000513265
-0.000369106
-0.000110339
0.000180480
0.000411560
0.000510837
0.000448439
0.000245649
-0.000032318
-0.000297268
-0.000466010
-0.000486461
-0.000353713
-0.000111088
0.000163979
0.000384647
0.000482076
0.000426894
0.000238026
-0.000023753
-0.000275364
-0.000437782
-0.000460846
-0.000338743
-0.000111370
0.000148678
0.000359280
0.000454717
0.000406165
0.000230384
-0.000016028
-0.000254845
-0.000411042
-0.000436354
-0.000324179
-0.000111223
0.000134497
0.000335365
0.000428679
0.000386213
0.000222736
-0.000009081
-0.000235623
-0.000385704
-0.000412925
-0.000310010
-0.000110684
0.000121362
0.000312813
0.000403889
0.000367002
0.000215094
-0.000002857
-0.000217618
-0.000361688
-0.000390506
-0.000296224
-0.000109787
0.000109206
0.000291546
0.000380282
0.000348501
0.000207470
0.000002695
-0.000200757
-0.000338923
-0.000369050
-0.000282812
-0.000108564
0.000097966
0.000271492
0.000357800
0.000330683
0.000199877
0.000007622
-0.000184973
-0.000317344
-0.000348515
-0.000269768
-0.000107046
0.000087586
0.000252585
0.000336389
0.000313523
0.000192327
0.000011968
-0.000170205
-0.000296892
-0.000328861
-0.000257087
-0.000105260
0.000078012
0.000234764
0.000316001
0.000297001
0.000184831
0.000015775
-0.000156395
-0.000277511
-0.000310054
-0.000244762
-0.000103235
0.000069194
0.000217974
0.000296589
0.000281096
0.000177402
0.000019081
-0.000143489
-0.000259152
-0.000292063
-0.000232792
-0.000100996
0.000061086
0.000202162
0.000278114
0.000265791
0.000170051
0.000021923
-0.000131440
-0.000241767
-0.000274857
-0.000221174
-0.000098567
0.000053644
0.000187279
0.000260538
0.000251071
0.000162789
0.000024336
-0.000120200
-0.000225313
-0.000258410
-0.000209905
-0.000095972
0.000046829
0.000173282
0.000243824
0.000236921
0.000155628
0.000026351
-0.000109725
-0.000209750
-0.000242698
-0.000198984
-0.000093233
0.000040601
0.000160126
0.000227941
0.000223329
0.000148579
0.000028000
-0.000099976
-0.000195040
-0.000227697
-0.000188412
-0.000090371
0.000034923
0.000147773
0.000212857
0.000210282
0.000141651
0.000029313
-0.000090912
-0.000181147
-0.000213386
-0.000178186
-0.000087407
0.000029762
0.000136185
0.000198545
0.000197769
0.000134855
0.000030316
-0.000082498
-0.000168037
-0.000199745
-0.000168307
-0.000084359
0.000025084
0.000125326
0.000184976
0.000185781
0.000128201
0.000031037
-0.000074699
-0.000155678
-0.000186756
-0.000158775
-0.000081248
0.000020859
0.000115161
0.000172124
0.000174308
0.000121699
0.000031501
-0.000067481
-0.000144041
-0.000174399
-0.000149589
-0.000078090
0.000017055
0.000105660
0.000159966
0.000163340
0.000115357
0.000031733
-0.000060814
-0.000133095
-0.000162658
-0.000140750
-0.000074902
0.000013646
0.000096790
0.000148478
0.000152870
0.000109185
0.000031756
-0.000054665
-0.000122815
-0.000151517
-0.000132259
-0.000071702
0.000010603
0.000088523
0.000137637
0.000142888
0.000103190
0.000031591
-0.000049007
-0.000113172
-0.000140960
-0.000124114
-0.000068504
0.000007900
0.000080829
0.000127422
0.000133388
0.000097381
0.000031261
-0.000043812
-0.000104141
-0.000130971
-0.000116316
-0.000065324
0.000005512
0.000073682
0.000117812
0.000124360
0.000091766
0.000030786
-0.000039052
-0.000095698
-0.000121537
-0.000108865
-0.000062176
0.000003414
0.000067055
0.000108786
0.000115797
0.000086351
0.000030186
-0.000034702
-0.000087818
-0.000112642
-0.000101760
-0.000059073
0.000001585
0.000060922
0.000100325
0.000107691
0.000081143
0.000029479
-0.000030736
-0.000080479
-0.000104272
-0.000095001
-0.000056029
-0.000000000
0.000055260
0.000092410
0.000100035
0.000076148
0.000028683
-0.000027132
-0.000073657
-0.000096414
-0.000088587
-0.000053056
-0.000001361
0.000050043
0.000085021
0.000092821
0.000071373
0.000027816
-0.000023865
-0.000067332
-0.000089054
-0.000082515
-0.000050165
-0.000002519
0.000045249
0.000078141
0.000086042
0.000066821
0.000026895
-0.000020912
-0.000061481
-0.000082178
-0.000076786
-0.000047367
-0.000003495
0.000040854
0.000071752
0.000079689
0.000062499
0.000025934
-0.000018253
-0.000056083
-0.000075772
-0.000071398
-0.000044674
-0.000004307
0.000036838
0.000065835
0.000073754
0.000058410
0.000024950
-0.000015865
-0.000051119
-0.000069825
-0.000066347
-0.000042094
-0.000004974
0.000033179
0.000060373
0.000068229
0.000054558
0.000023956
-0.000013729
-0.000046567
-0.000064321
-0.000061632
-0.000039637
-0.000005513
0.000029855
0.000055349
0.000063107
0.000050946
0.000022967
-0.000011824
-0.000042409
-0.000059248
-0.000057251
-0.000037311
-0.000005943
0.000026847
0.000050746
0.000058377
0.000047577
0.000021994
-0.000010132
-0.000038625
-0.000054592
-0.000053199
-0.000035125
-0.000006278
0.000024135
0.000046546
0.000054033
0.000044453
0.000021052
-0.000008633
-0.000035196
-0.000050341
-0.000049473
-0.000033085
-0.000006537
0.000021699
0.000042735
0.000050065
0.000041577
0.000020151
-0.000007310
-0.000032103
-0.000046481
-0.000046070
-0.000031199
-0.000006732
0.000019521
0.000039293
0.000046464
0.000038949
0.000019302
-0.000006146
-0.000029329
-0.000042998
-0.000042985
-0.000029472
-0.000006879
0.000017582
0.000036207
0.000043220
0.000036569
0.000018517
-0.000005123
-0.000026856
-0.000039879
-0.000040213
-0.000027911
-0.000006992
0.000015865
0.000033458
0.000040325
0.000034439
0.000017804
-0.000004226
-0.000024665
-0.000037112
-0.000037750
-0.000026519
-0.000007084
0.000014352
0.000031032
0.000037768
0.000032558
0.000017173
-0.000003438
-0.000022740
-0.000034682
-0.000035591
-0.000025301
-0.000007168
0.000013026
0.000028912
0.000035540
0.000030925
0.000016633
-0.000002745
-0.000021064
-0.000032575
-0.000033728
-0.000024261
-0.000007255
0.000011871
0.000027082
0.000033631
0.000029539
0.000016190
-0.000002131
-0.000019619
-0.000030780
-0.000032157
-0.000023403
-0.000007357
0.000010871
0.000025527
0.000032030
0.000028397
0.000015854
-0.000001584
-0.000018391
-0.000029281
-0.000030871
-0.000022728
-0.000007485
0.000010010
0.000024232
0.000030726
0.000027499
0.000015629
-0.000001090
-0.000017362
-0.000028066
-0.000029863
-0.000022239
-0.000007649
0.000009273
0.000023181
0.000029710
0.000026840
0.000015523
-0.000000635
-0.000016518
-0.000027121
-0.000029126
-0.000021937
-0.000007858
0.000008645
0.000022359
0.000028970
0.000026419
0.000015541
-0.000000207
-0.000015842
-0.000026433
-0.000028653
-0.000021823
-0.000008122
