0.000010685
0.000006843
-0.000001138
0.000006056
0.000023275
0.000035903
0.000030119
0.000003426
-0.000032012
-0.000056005
-0.000052965
-0.000022317
0.000020294
0.000052054
0.000056615
0.000033590
-0.000002037
-0.000029931
-0.000037059
-0.000024712
-0.000005683
0.000005879
0.000004534
-0.000003473
-0.000006162
0.000003915
0.000022766
0.000036731
0.000032063
0.000005670
-0.000030741
-0.000056640
-0.000055330
-0.000025074
0.000018860
0.000052918
0.000059338
0.000036598
-0.000000433
-0.000030453
-0.000039086
-0.000026834
-0.000006740
0.000006027
0.000005073
-0.000003495
-0.000006929
0.000003248
0.000023429
0.000039241
0.000035510
0.000008034
-0.000031350
-0.000060600
-0.000060972
-0.000029471
0.000018194
0.000056484
0.000065288
0.000041814
0.000001523
-0.000032272
-0.000043079
-0.000030512
-0.000008403
0.000006336
0.000005952
-0.000003456
-0.000007870
0.000002647
0.000024860
0.000043203
0.000040454
0.000011008
-0.000032845
-0.000066753
-0.000069128
-0.000035432
0.000017741
0.000061932
0.000073808
0.000049010
0.000004007
-0.000035015
-0.000048702
-0.000035582
-0.000010663
0.000006753
0.000007120
-0.000003402
-0.000009067
0.000001973
0.000026920
0.000048565
0.000046995
0.000014824
-0.000034979
-0.000074980
-0.000079886
-0.000043210
0.000017221
0.000069113
0.000084953
0.000058393
0.000007254
-0.000038549
-0.000055977
-0.000042164
-0.000013639
0.000007233
0.000008606
-0.000003297
-0.000010547
0.000001135
0.000029511
0.000055325
0.000055271
0.000019712
-0.000037554
-0.000085246
-0.000093416
-0.000053106
0.000016363
0.000077929
0.000098848
0.000070234
0.000011525
-0.000042757
-0.000064960
-0.000050422
-0.000017482
0.000007720
0.000010444
-0.000003091
-0.000012318
0.000000049
0.000032545
0.000063483
0.000065425
0.000025908
-0.000040370
-0.000097519
-0.000109902
-0.000065440
0.000014878
0.000088279
0.000115630
0.000084825
0.000017105
-0.000047503
-0.000075712
-0.000060535
-0.000022362
0.000008144
0.000012667
-0.000002725
-0.000014382
-0.000001367
0.000035924
0.000073030
0.000077594
0.000033657
-0.000043210
-0.000111752
-0.000129527
-0.000080545
0.000012453
0.000100038
0.000135428
0.000102470
0.000024301
-0.000052633
-0.000088282
-0.000072689
-0.000028467
0.000008421
0.000015303
-0.000002135
-0.000016730
-0.000003188
0.000039547
0.000083950
0.000091915
0.000043209
-0.000045842
-0.000127883
-0.000152464
-0.000098766
0.000008751
0.000113060
0.000158360
0.000123481
0.000033447
-0.000057966
-0.000102710
-0.000087075
-0.000036002
0.000008450
0.000018375
-0.000001250
-0.000019344
-0.000005490
0.000043307
0.000096214
0.000108517
0.000054824
-0.000048010
-0.000145826
-0.000178883
-0.000120459
0.000003408
0.000127168
0.000184533
0.000148182
0.000044897
-0.000063297
-0.000119020
-0.000103891
-0.000045186
0.000008114
0.000021899
0.000000003
-0.000022201
-0.000008345
0.000047089
0.000109782
0.000127524
0.000068769
-0.000049444
-0.000165478
-0.000208941
-0.000145992
-0.000003967
0.000142161
0.000214041
0.000176904
0.000059036
-0.000068393
-0.000137225
-0.000123337
-0.000056258
0.000007280
0.000025883
0.000001702
-0.000025264
-0.000011818
0.000050773
0.000124606
0.000149057
0.000085319
-0.000049849
-0.000186713
-0.000242793
-0.000175747
-0.000013791
0.000157806
0.000246964
0.000209987
0.000076272
-0.000072991
-0.000157321
-0.000145620
-0.000069476
0.000005792
0.000030326
0.000003930
-0.000028492
-0.000015975
0.000054236
0.000140626
0.000173229
0.000104757
-0.000048915
-0.000209386
-0.000280582
-0.000210119
-0.000026515
0.000173843
0.000283371
0.000247788
0.000097046
-0.000076799
-0.000179288
-0.000170951
-0.000085117
0.000003476
0.000035219
0.000006772
-0.000031832
-0.000020872
0.000057349
0.000157776
0.000200156
0.000127381
-0.000046306
-0.000233332
-0.000322454
-0.000249523
-0.000042621
0.000189982
0.000323320
0.000290675
0.000121830
-0.000079493
-0.000203095
-0.000199553
-0.000103482
0.000000134
0.000040539
0.000010316
-0.000035222
-0.000026565
0.000059978
0.000175981
0.000229950
0.000153497
-0.000041665
-0.000258369
-0.000368549
-0.000294397
-0.000062626
0.000205899
0.000366863
0.000339040
0.000151135
-0.000080711
-0.000228692
-0.000231656
-0.000124900
-0.000004458
0.000046255
0.000014655
-0.000038593
-0.000033102
0.000061989
0.000195163
0.000262729
0.000183433
-0.000034610
-0.000284296
-0.000419015
-0.000345208
-0.000087094
0.000221241
0.000414046
0.000393301
0.000185517
-0.000080055
-0.000256019
-0.000267507
-0.000149729
-0.000010552
0.000052322
0.000019882
-0.000041865
-0.000040530
0.000063240
0.000215238
0.000298618
0.000217538
-0.000024731
-0.000310894
-0.000474009
-0.000402462
-0.000116633
0.000235617
0.000464914
0.000453912
0.000225586
-0.000077084
-0.000285001
-0.000307372
-0.000178364
-0.000018431
0.000058679
0.000026099
-0.000044948
-0.000048889
0.000063590
0.000236123
0.000337754
0.000256189
-0.000011583
-0.000337930
-0.000533705
-0.000466713
-0.000151914
0.000248601
0.000519519
0.000521373
0.000272015
-0.000071305
-0.000315551
-0.000351544
-0.000211245
-0.000028416
0.000065255
0.000033407
-0.000047743
-0.000058219
0.000062891
0.000257734
0.000380295
0.000299803
0.000005318
-0.000365155
-0.000598308
-0.000538581
-0.000193678
0.000259723
0.000577925
0.000596247
0.000325557
-0.000062170
-0.000347575
-0.000400351
-0.000248869
-0.000040874
0.000071957
0.000041917
-0.000050142
-0.000068557
0.000060990
0.000279993
0.000426425
0.000348850
0.000026505
-0.000392307
-0.000668059
-0.000618771
-0.000242758
0.000268467
0.000640218
0.000679180
0.000387067
-0.000049060
-0.000380969
-0.000454170
-0.000291800
-0.000056223
0.000078677
0.000051747
-0.000052021
-0.000079942
0.000057725
0.000302828
0.000476373
0.000403863
0.000052576
-0.000419108
-0.000743260
-0.000708101
-0.000300101
0.000274259
0.000706519
0.000770928
0.000457528
-0.000031276
-0.000415625
-0.000513441
-0.000340691
-0.000074946
0.000085285
0.000063025
-0.000053248
-0.000092415
0.000052928
0.000326179
0.000530419
0.000465469
0.000084204
-0.000445266
-0.000824291
-0.000807535
-0.000366801
0.000276456
0.000776998
0.000872389
0.000538089
-0.000008010
-0.000451437
-0.000578693
-0.000396311
-0.000097610
0.000091629
0.000075895
-0.000053672
-0.000106022
0.000046412
0.000350003
0.000588922
0.000534415
0.000122171
-0.000470477
-0.000911639
-0.000918237
-0.000444144
0.000274334
0.000851897
0.000984657
0.000630113
0.000021677
-0.000488299
-0.000650568
-0.000459577
-0.000124884
0.000097525
0.000090522
-0.000053124
-0.000120824
0.000037973
0.000374280
0.000652343
0.000611607
0.000167392
-0.000494416
-0.001005943
-0.001041633
-0.000533669
0.000267055
0.000931560
0.001109087
0.000735255
0.000058898
-0.000526117
-0.000729867
-0.000531604
-0.000157572
0.000102760
0.000107100
-0.000051411
-0.000136898
0.000027375
0.000399020
0.000721283
0.000698172
0.000220968
-0.000516740
-0.001108040
-0.001179505
-0.000637256
0.000253642
0.001016465
0.001247385
0.000855551
0.000104993
-0.000564817
-0.000817606
-0.000613774
-0.000196656
0.000107076
0.000125865
-0.000048311
-0.000154346
0.000014342
0.000424277
0.000796535
0.000795532
0.000284252
-0.000537082
-0.001219047
-0.001334126
-0.000757248
0.000232926
0.001107287
0.001401741
0.000993566
0.000161614
-0.000604350
-0.000915099
-0.000707834
-0.000243364
0.000110161
0.000147112
-0.000043557
-0.000173312
-0.000001462
0.000450161
0.000879159
0.000905526
0.000358942
-0.000555035
-0.001340467
-0.001508441
-0.000896630
0.000203474
0.001204969
0.001575019
0.001152594
0.000230839
-0.000644715
-0.001024072
-0.000816037
-0.000299253
0.000111634
0.000171221
-0.000036824
-0.000193996
-0.000020462
0.000476861
0.000970587
0.001030574
0.000447228
-0.000570147
-0.001474347
-0.001706353
-0.001059289
0.000163483
0.001310842
0.001771037
0.001336964
0.000315351
-0.000685974
-0.001146845
-0.000941358
-0.000366358
0.000111012
0.000198693
-0.000027704
-0.000216684
-0.000043208
0.000504675
0.001072787
0.001173934
0.000552005
-0.000581889
-0.001623517
-0.001933139
-0.001250421
0.000110615
0.001426789
0.001994995
0.001552501
0.000418705
-0.000728287
-0.001286599
-0.001087820
-0.000447399
0.000107677
0.000230216
-0.000015668
-0.000241786
-0.000070444
0.000534060
0.001188511
0.001340097
0.000677212
-0.000589625
-0.001791965
-0.002196113
-0.001477155
0.000041737
0.001555524
0.002254146
0.001807260
0.000545761
-0.000771963
-0.001447804
-0.001261016
-0.000546124
0.000100800
0.000266752
0.000000000
-0.000269907
-0.000103204
0.000565709
0.001321698
0.001535427
0.000828375
-0.000592545
-0.001985437
-0.002505696
-0.001749582
-0.000047500
0.001701023
0.002558902
0.002112728
0.000703385
-0.000817537
-0.001636927
-0.001468972
-0.000667876
0.000089237
0.000309701
0.000020308
-0.000301952
-0.000142988
0.000600676
0.001478146
0.001769232
0.001013529
-0.000589558
-0.002212456
-0.002877230
-0.002082493
-0.000163392
0.001869276
0.002924710
0.002485882
0.000901661
-0.000865912
-0.001863647
-0.001723637
-0.000820572
0.000071331
0.000361174
0.000046739
-0.000339320
-0.000192055
0.000640602
0.001666698
0.002055665
0.001244846
-0.000579108
-0.002486139
-0.003334229
-0.002498510
-0.000315481
0.002069633
0.003375457
0.002952923
0.001156102
-0.000918600
-0.002143076
-0.002043619
-0.001016513
0.000044555
0.000424503
0.000081593
-0.000384257
-0.000253982
0.000688133
0.001901468
0.002417295
0.001541716
-0.000558806
-0.002827643
-0.003914557
-0.003034059
-0.000519062
0.002317389
0.003950043
0.003556517
0.001491938
-0.000978216
-0.002500122
-0.002459562
-0.001275944
0.000004799
0.000505254
0.000128678
-0.000440571
-0.000334786
0.000747762
0.002206354
0.002892380
0.001937045
-0.000524691
-0.003273265
-0.004683240
-0.003751790
-0.000800415
0.002639212
0.004716204
0.004371103
0.001953237
-0.001049497
-0.002978813
-0.003025728
-0.001634774
-0.000055184
0.000613433
0.000194811
-0.000515191
-0.000445397
0.000827715
0.002625131
0.003551234
0.002491496
-0.000469536
-0.003890684
-0.005761899
-0.004769316
-0.001208969
0.003085830
0.005803068
0.005539132
0.002624628
-0.001141772
-0.003664813
-0.003848092
-0.002163418
-0.000149581
0.000768962
0.000293573
-0.000622101
-0.000607929
0.000944726
0.003247326
0.004538463
0.003330530
-0.000378411
-0.004821838
-0.007407083
-0.006336249
-0.001850203
0.003766605
0.007490599
0.007371520
0.003692041
-0.001275905
-0.004749471
-0.005165068
-0.003021428
-0.000310691
0.001017833
0.000456506
-0.000794174
-0.000874758
0.001138765
0.004288727
0.006205865
0.004762253
-0.000214404
-0.006422519
-0.010268402
-0.009091250
-0.002996778
0.004967854
0.010519742
0.010700667
0.005659117
-0.001509395
-0.006764685
-0.007647891
-0.004663957
-0.000631761
0.001495155
0.000777543
-0.001130936
-0.001406862
0.001534582
0.006434289
0.009689413
0.007799301
0.000145917
-0.009906844
-0.016606463
-0.015302529
-0.005637593
0.007751707
0.017702194
0.018761280
0.010532003
-0.002077707
-0.011945097
-0.014197313
-0.009116963
-0.001540691
0.002842314
0.001718049
-0.002139549
-0.003056602
0.002819905
0.013627701
0.021838380
0.018855812
0.001526691
-0.023858536
-0.043419553
-0.043208033
-0.018328983
0.022083470
0.057897516
0.068279232
0.043856395
-0.006405720
-0.058282906
-0.084443084
-0.069345710
-0.018524947
0.043333987
0.084944422
0.084944422
0.043333987
-0.018524947
-0.069345710
-0.084443084
-0.058282906
-0.006405720
0.043856395
0.068279232
0.057897516
0.022083470
-0.018328983
-0.043208033
-0.043419553
-0.023858536
0.001526691
0.018855812
0.021838380
0.013627701
0.002819905
-0.003056602
-0.002139549
0.001718049
0.002842314
-0.001540691
-0.009116963
-0.014197313
-0.011945097
-0.002077707
0.010532003
0.018761280
0.017702194
0.007751707
-0.005637593
-0.015302529
-0.016606463
-0.009906844
0.000145917
0.007799301
0.009689413
0.006434289
0.001534582
-0.001406862
-0.001130936
0.000777543
0.001495155
-0.000631761
-0.004663957
-0.007647891
-0.006764685
-0.001509395
0.005659117
0.010700667
0.010519742
0.004967854
-0.002996778
-0.009091250
-0.010268402
-0.006422519
-0.000214404
0.004762253
0.006205865
0.004288727
0.001138765
-0.000874758
-0.000794174
0.000456506
0.001017833
-0.000310691
-0.003021428
-0.005165068
-0.004749471
-0.001275905
0.003692041
0.007371520
0.007490599
0.003766605
-0.001850203
-0.006336249
-0.007407083
-0.004821838
-0.000378411
0.003330530
0.004538463
0.003247326
0.000944726
-0.000607929
-0.000622101
0.000293573
0.000768962
-0.000149581
-0.002163418
-0.003848092
-0.003664813
-0.001141772
0.002624628
0.005539132
0.005803068
0.003085830
-0.001208969
-0.004769316
-0.005761899
-0.003890684
-0.000469536
0.002491496
0.003551234
0.002625131
0.000827715
-0.000445397
-0.000515191
0.000194811
0.000613433
-0.000055184
-0.001634774
-0.003025728
-0.002978813
-0.001049497
0.001953237
0.004371103
0.004716204
0.002639212
-0.000800415
-0.003751790
-0.004683240
-0.003273265
-0.000524691
0.001937045
0.002892380
0.002206354
0.000747762
-0.000334786
-0.000440571
0.000128678
0.000505254
0.000004799
-0.001275944
-0.002459562
-0.002500122
-0.000978216
0.001491938
0.003556517
0.003950043
0.002317389
-0.000519062
-0.003034059
-0.003914557
-0.002827643
-0.000558806
0.001541716
0.002417295
0.001901468
0.000688133
-0.000253982
-0.000384257
0.000081593
0.000424503
0.000044555
-0.001016513
-0.002043619
-0.002143076
-0.000918600
0.001156102
0.002952923
0.003375457
0.002069633
-0.000315481
-0.002498510
-0.003334229
-0.002486139
-0.000579108
0.001244846
0.002055665
0.001666698
0.000640602
-0.000192055
-0.000339320
0.000046739
0.000361174
0.000071331
-0.000820572
-0.001723637
-0.001863647
-0.000865912
0.000901661
0.002485882
0.002924710
0.001869276
-0.000163392
-0.002082493
-0.002877230
-0.002212456
-0.000589558
0.001013529
0.001769232
0.001478146
0.000600676
-0.000142988
-0.000301952
0.000020308
0.000309701
0.000089237
-0.000667876
-0.001468972
-0.001636927
-0.000817537
0.000703385
0.002112728
0.002558902
0.001701023
-0.000047500
-0.001749582
-0.002505696
-0.001985437
-0.000592545
0.000828375
0.001535427
0.001321698
0.000565709
-0.000103204
-0.000269907
0.000000000
0.000266752
0.000100800
-0.000546124
-0.001261016
-0.001447804
-0.000771963
0.000545761
0.001807260
0.002254146
0.001555524
0.000041737
-0.001477155
-0.002196113
-0.001791965
-0.000589625
0.000677212
0.001340097
0.001188511
0.000534060
-0.000070444
-0.000241786
-0.000015668
0.000230216
0.000107677
-0.000447399
-0.001087820
-0.001286599
-0.000728287
0.000418705
0.001552501
0.001994995
0.001426789
0.000110615
-0.001250421
-0.001933139
-0.001623517
-0.000581889
0.000552005
0.001173934
0.001072787
0.000504675
-0.000043208
-0.000216684
-0.000027704
0.000198693
0.000111012
-0.000366358
-0.000941358
-0.001146845
-0.000685974
0.000315351
0.001336964
0.001771037
0.001310842
0.000163483
-0.001059289
-0.001706353
-0.001474347
-0.000570147
0.000447228
0.001030574
0.000970587
0.000476861
-0.000020462
-0.000193996
-0.000036824
0.000171221
0.000111634
-0.000299253
-0.000816037
-0.001024072
-0.000644715
0.000230839
0.001152594
0.001575019
0.001204969
0.000203474
-0.000896630
-0.001508441
-0.001340467
-0.000555035
0.000358942
0.000905526
0.000879159
0.000450161
-0.000001462
-0.000173312
-0.000043557
0.000147112
0.000110161
-0.000243364
-0.000707834
-0.000915099
-0.000604350
0.000161614
0.000993566
0.001401741
0.001107287
0.000232926
-0.000757248
-0.001334126
-0.001219047
-0.000537082
0.000284252
0.000795532
0.000796535
0.000424277
0.000014342
-0.000154346
-0.000048311
0.000125865
0.000107076
-0.000196656
-0.000613774
-0.000817606
-0.000564817
0.000104993
0.000855551
0.001247385
0.001016465
0.000253642
-0.000637256
-0.001179505
-0.001108040
-0.000516740
0.000220968
0.000698172
0.000721283
0.000399020
0.000027375
-0.000136898
-0.000051411
0.000107100
0.000102760
-0.000157572
-0.000531604
-0.000729867
-0.000526117
0.000058898
0.000735255
0.001109087
0.000931560
0.000267055
-0.000533669
-0.001041633
-0.001005943
-0.000494416
0.000167392
0.000611607
0.000652343
0.000374280
0.000037973
-0.000120824
-0.000053124
0.000090522
0.000097525
-0.000124884
-0.000459577
-0.000650568
-0.000488299
0.000021677
0.000630113
0.000984657
0.000851897
0.000274334
-0.000444144
-0.000918237
-0.000911639
-0.000470477
0.000122171
0.000534415
0.000588922
0.000350003
0.000046412
-0.000106022
-0.000053672
0.000075895
0.000091629
-0.000097610
-0.000396311
-0.000578693
-0.000451437
-0.000008010
0.000538089
0.000872389
0.000776998
0.000276456
-0.000366801
-0.000807535
-0.000824291
-0.000445266
0.000084204
0.000465469
0.000530419
0.000326179
0.000052928
-0.000092415
-0.000053248
0.000063025
0.000085285
-0.000074946
-0.000340691
-0.000513441
-0.000415625
-0.000031276
0.000457528
0.000770928
0.000706519
0.000274259
-0.000300101
-0.000708101
-0.000743260
-0.000419108
0.000052576
0.000403863
0.000476373
0.000302828
0.000057725
-0.000079942
-0.000052021
0.000051747
0.000078677
-0.000056223
-0.000291800
-0.000454170
-0.000380969
-0.000049060
0.000387067
0.000679180
0.000640218
0.000268467
-0.000242758
-0.000618771
-0.000668059
-0.000392307
0.000026505
0.000348850
0.000426425
0.000279993
0.000060990
-0.000068557
-0.000050142
0.000041917
0.000071957
-0.000040874
-0.000248869
-0.000400351
-0.000347575
-0.000062170
0.000325557
0.000596247
0.000577925
0.000259723
-0.000193678
-0.000538581
-0.000598308
-0.000365155
0.000005318
0.000299803
0.000380295
0.000257734
0.000062891
-0.000058219
-0.000047743
0.000033407
0.000065255
-0.000028416
-0.000211245
-0.000351544
-0.000315551
-0.000071305
0.000272015
0.000521373
0.000519519
0.000248601
-0.000151914
-0.000466713
-0.000533705
-0.000337930
-0.000011583
0.000256189
0.000337754
0.000236123
0.000063590
-0.000048889
-0.000044948
0.000026099
0.000058679
-0.000018431
-0.000178364
-0.000307372
-0.000285001
-0.000077084
0.000225586
0.000453912
0.000464914
0.000235617
-0.000116633
-0.000402462
-0.000474009
-0.000310894
-0.000024731
0.000217538
0.000298618
0.000215238
0.000063240
-0.000040530
-0.000041865
0.000019882
0.000052322
-0.000010552
-0.000149729
-0.000267507
-0.000256019
-0.000080055
0.000185517
0.000393301
0.000414046
0.000221241
-0.000087094
-0.000345208
-0.000419015
-0.000284296
-0.000034610
0.000183433
0.000262729
0.000195163
0.000061989
-0.000033102
-0.000038593
0.000014655
0.000046255
-0.000004458
-0.000124900
-0.000231656
-0.000228692
-0.000080711
0.000151135
0.000339040
0.000366863
0.000205899
-0.000062626
-0.000294397
-0.000368549
-0.000258369
-0.000041665
0.000153497
0.000229950
0.000175981
0.000059978
-0.000026565
-0.000035222
0.000010316
0.000040539
0.000000134
-0.000103482
-0.000199553
-0.000203095
-0.000079493
0.000121830
0.000290675
0.000323320
0.000189982
-0.000042621
-0.000249523
-0.000322454
-0.000233332
-0.000046306
0.000127381
0.000200156
0.000157776
0.000057349
-0.000020872
-0.000031832
0.000006772
0.000035219
0.000003476
-0.000085117
-0.000170951
-0.000179288
-0.000076799
0.000097046
0.000247788
0.000283371
0.000173843
-0.000026515
-0.000210119
-0.000280582
-0.000209386
-0.000048915
0.000104757
0.000173229
0.000140626
0.000054236
-0.000015975
-0.000028492
0.000003930
0.000030326
0.000005792
-0.000069476
-0.000145620
-0.000157321
-0.000072991
0.000076272
0.000209987
0.000246964
0.000157806
-0.000013791
-0.000175747
-0.000242793
-0.000186713
-0.000049849
0.000085319
0.000149057
0.000124606
0.000050773
-0.000011818
-0.000025264
0.000001702
0.000025883
0.000007280
-0.000056258
-0.000123337
-0.000137225
-0.000068393
0.000059036
0.000176904
0.000214041
0.000142161
-0.000003967
-0.000145992
-0.000208941
-0.000165478
-0.000049444
0.000068769
0.000127524
0.000109782
0.000047089
-0.000008345
-0.000022201
0.000000003
0.000021899
0.000008114
-0.000045186
-0.000103891
-0.000119020
-0.000063297
0.000044897
0.000148182
0.000184533
0.000127168
0.000003408
-0.000120459
-0.000178883
-0.000145826
-0.000048010
0.000054824
0.000108517
0.000096214
0.000043307
-0.000005490
-0.000019344
-0.000001250
0.000018375
0.000008450
-0.000036002
-0.000087075
-0.000102710
-0.000057966
0.000033447
0.000123481
0.000158360
0.000113060
0.000008751
-0.000098766
-0.000152464
-0.000127883
-0.000045842
0.000043209
0.000091915
0.000083950
0.000039547
-0.000003188
-0.000016730
-0.000002135
0.000015303
0.000008421
-0.000028467
-0.000072689
-0.000088282
-0.000052633
0.000024301
0.000102470
0.000135428
0.000100038
0.000012453
-0.000080545
-0.000129527
-0.000111752
-0.000043210
0.000033657
0.000077594
0.000073030
0.000035924
-0.000001367
-0.000014382
-0.000002725
0.000012667
0.000008144
-0.000022362
-0.000060535
-0.000075712
-0.000047503
0.000017105
0.000084825
0.000115630
0.000088279
0.000014878
-0.000065440
-0.000109902
-0.000097519
-0.000040370
0.000025908
0.000065425
0.000063483
0.000032545
0.000000049
-0.000012318
-0.000003091
0.000010444
0.000007720
-0.000017482
-0.000050422
-0.000064960
-0.000042757
0.000011525
0.000070234
0.000098848
0.000077929
0.000016363
-0.000053106
-0.000093416
-0.000085246
-0.000037554
0.000019712
0.000055271
0.000055325
0.000029511
0.000001135
-0.000010547
-0.000003297
0.000008606
0.000007233
-0.000013639
-0.000042164
-0.000055977
-0.000038549
0.000007254
0.000058393
0.000084953
0.000069113
0.000017221
-0.000043210
-0.000079886
-0.000074980
-0.000034979
0.000014824
0.000046995
0.000048565
0.000026920
0.000001973
-0.000009067
-0.000003402
0.000007120
0.000006753
-0.000010663
-0.000035582
-0.000048702
-0.000035015
0.000004007
0.000049010
0.000073808
0.000061932
0.000017741
-0.000035432
-0.000069128
-0.000066753
-0.000032845
0.000011008
0.000040454
0.000043203
0.000024860
0.000002647
-0.000007870
-0.000003456
0.000005952
0.000006336
-0.000008403
-0.000030512
-0.000043079
-0.000032272
0.000001523
0.000041814
0.000065288
0.000056484
0.000018194
-0.000029471
-0.000060972
-0.000060600
-0.000031350
0.000008034
0.000035510
0.000039241
0.000023429
0.000003248
-0.000006929
-0.000003495
0.000005073
0.000006027
-0.000006740
-0.000026834
-0.000039086
-0.000030453
-0.000000433
0.000036598
0.000059338
0.000052918
0.000018860
-0.000025074
-0.000055330
-0.000056640
-0.000030741
0.000005670
0.000032063
0.000036731
0.000022766
0.000003915
-0.000006162
-0.000003473
0.000004534
0.000005879
-0.000005683
-0.000024712
-0.000037059
-0.000029931
-0.000002037
0.000033590
0.000056615
0.000052054
0.000020294
-0.000022317
-0.000052965
-0.000056005
-0.000032012
0.000003426
0.000030119
0.000035903
0.000023275
0.000006056
-0.000001138
0.000006843
