0.000015175
0.000011492
0.000001843
0.000005690
0.000018856
0.000028204
0.000021301
-0.000003676
-0.000034953
-0.000053686
-0.000046097
-0.000013187
0.000028640
0.000056890
0.000056444
0.000028589
-0.000010162
-0.000038564
-0.000043524
-0.000027076
-0.000003286
0.000012268
0.000012968
0.000004439
-0.000001209
0.000004328
0.000018425
0.000028912
0.000023186
-0.000001437
-0.000033754
-0.000054523
-0.000048710
-0.000016058
0.000027368
0.000058174
0.000059659
0.000031894
-0.000008647
-0.000039570
-0.000046237
-0.000029785
-0.000004571
0.000012652
0.000014113
0.000005157
-0.000001377
0.000003914
0.000018925
0.000030911
0.000025943
0.000000266
-0.000034802
-0.000058566
-0.000054038
-0.000019813
0.000027497
0.000062447
0.000065986
0.000037002
-0.000007290
-0.000042307
-0.000051169
-0.000034098
-0.000006332
0.000013455
0.000015925
0.000006263
-0.000001471
0.000003658
0.000020085
0.000034066
0.000029795
0.000002204
-0.000036951
-0.000064778
-0.000061622
-0.000024731
0.000028245
0.000068878
0.000074945
0.000043926
-0.000005728
-0.000046347
-0.000058052
-0.000039974
-0.000008665
0.000014576
0.000018362
0.000007748
-0.000001537
0.000003445
0.000021775
0.000038335
0.000034856
0.000004617
-0.000039963
-0.000073071
-0.000071594
-0.000031100
0.000029326
0.000077345
0.000086641
0.000052928
-0.000003700
-0.000051567
-0.000066946
-0.000047584
-0.000011730
0.000015955
0.000021464
0.000009680
-0.000001565
0.000003213
0.000023917
0.000043718
0.000041252
0.000007712
-0.000043674
-0.000083441
-0.000084144
-0.000039222
0.000030488
0.000087788
0.000101242
0.000064307
-0.000000936
-0.000057866
-0.000077948
-0.000057137
-0.000015713
0.000017522
0.000025278
0.000012138
-0.000001523
0.000002912
0.000026443
0.000050217
0.000049107
0.000011691
-0.000047918
-0.000095887
-0.000099473
-0.000049413
0.000031468
0.000100145
0.000118925
0.000078385
0.000002854
-0.000065130
-0.000091153
-0.000068853
-0.000020819
0.000019193
0.000029844
0.000015212
-0.000001374
0.000002502
0.000029282
0.000057829
0.000058542
0.000016765
-0.000052523
-0.000110399
-0.000117780
-0.000061998
0.000031981
0.000114334
0.000139861
0.000095494
0.000007985
-0.000073222
-0.000106650
-0.000082964
-0.000027273
0.000020864
0.000035199
0.000018996
-0.000001064
0.000001948
0.000032361
0.000066542
0.000069674
0.000023146
-0.000057298
-0.000126952
-0.000139260
-0.000077320
0.000031719
0.000130251
0.000164214
0.000115980
0.000014796
-0.000081979
-0.000124517
-0.000099710
-0.000035319
0.000022416
0.000041370
0.000023590
-0.000000533
0.000001220
0.000035604
0.000076337
0.000082615
0.000031057
-0.000062037
-0.000145502
-0.000164104
-0.000095728
0.000030348
0.000147765
0.000192138
0.000140197
0.000023654
-0.000091216
-0.000144819
-0.000119334
-0.000045221
0.000023708
0.000048378
0.000029097
0.000000291
0.000000296
0.000038931
0.000087183
0.000097471
0.000040725
-0.000066519
-0.000165989
-0.000192494
-0.000117590
0.000027507
0.000166723
0.000223777
0.000168515
0.000034952
-0.000100714
-0.000167609
-0.000142092
-0.000057263
0.000024581
0.000056234
0.000035626
0.000001491
-0.000000841
0.000042262
0.000099045
0.000114346
0.000052381
-0.000070502
-0.000188336
-0.000224611
-0.000143283
0.000022809
0.000186943
0.000259264
0.000201315
0.000049116
-0.000110230
-0.000192925
-0.000168242
-0.000071753
0.000024850
0.000064938
0.000043292
0.000003163
-0.000002198
0.000045514
0.000111879
0.000133337
0.000066268
-0.000073732
-0.000212450
-0.000260632
-0.000173203
0.000015834
0.000208217
0.000298726
0.000238996
0.000066599
-0.000119488
-0.000220794
-0.000198058
-0.000089021
0.000024310
0.000074480
0.000052211
0.000005413
-0.000003773
0.000048603
0.000125635
0.000154542
0.000082634
-0.000075935
-0.000238222
-0.000300732
-0.000207766
0.000006136
0.000230310
0.000342284
0.000281976
0.000087894
-0.000128181
-0.000251231
-0.000231822
-0.000109428
0.000022727
0.000084839
0.000062506
0.000008360
-0.000005558
0.000051447
0.000140257
0.000178056
0.000101740
-0.000076818
-0.000265529
-0.000345092
-0.000247410
-0.000006770
0.000252962
0.000390056
0.000330697
0.000113532
-0.000135966
-0.000284239
-0.000269835
-0.000133365
0.000019839
0.000095983
0.000074308
0.000012139
-0.000007531
0.000053964
0.000155688
0.000203977
0.000123857
-0.000076072
-0.000294237
-0.000393896
-0.000292602
-0.000023406
0.000275885
0.000442160
0.000385635
0.000144090
-0.000142465
-0.000319812
-0.000312417
-0.000161259
0.000015353
0.000107864
0.000087751
0.000016899
-0.000009661
0.000056073
0.000171867
0.000232408
0.000149276
-0.000073362
-0.000324200
-0.000447348
-0.000343849
-0.000044339
0.000298761
0.000498725
0.000447304
0.000180200
-0.000147259
-0.000357938
-0.000359917
-0.000193582
0.000008940
0.000120423
0.000102981
0.000022806
-0.000011905
0.000057696
0.000188734
0.000263463
0.000178308
-0.000068333
-0.000355266
-0.000505669
-0.000401706
-0.000070190
0.000321247
0.000559890
0.000516274
0.000222562
-0.000149884
-0.000398603
-0.000412720
-0.000230859
0.000000228
0.000133589
0.000120154
0.000030049
-0.000014207
0.000058758
0.000206233
0.000297268
0.000211295
-0.000060598
-0.000387274
-0.000569114
-0.000466790
-0.000101644
0.000342967
0.000625820
0.000593185
0.000271956
-0.000149822
-0.000441791
-0.000471259
-0.000273680
-0.000011203
0.000147273
0.000139440
0.000038836
-0.000016496
0.000059187
0.000224312
0.000333976
0.000248617
-0.000049736
-0.000420064
-0.000637985
-0.000539800
-0.000139466
0.000363512
0.000696719
0.000678768
0.000329265
-0.000146496
-0.000487495
-0.000536032
-0.000322721
-0.000025833
0.000161374
0.000161032
0.000049407
-0.000018686
0.000058913
0.000242928
0.000373768
0.000290706
-0.000035282
-0.000453475
-0.000712646
-0.000621546
-0.000184523
0.000382436
0.000772839
0.000773874
0.000395499
-0.000139253
-0.000535721
-0.000607622
-0.000378758
-0.000044215
0.000175774
0.000185147
0.000062035
-0.000020674
0.000057870
0.000262050
0.000416870
0.000338065
-0.000016714
-0.000487350
-0.000793550
-0.000712978
-0.000237810
0.000399250
0.000854509
0.000879517
0.000471839
-0.000127349
-0.000586497
-0.000686724
-0.000442707
-0.000066990
0.000190337
0.000212037
0.000077036
-0.000022337
0.000055995
0.000281667
0.000463571
0.000391287
0.000006562
-0.000521543
-0.000881268
-0.000815236
-0.000300492
0.000413410
0.000942159
0.000996922
0.000559680
-0.000109926
-0.000639888
-0.000774186
-0.000515660
-0.000094916
0.000204911
0.000242006
0.000094783
-0.000023525
0.000053226
0.000301791
0.000514239
0.000451092
0.000035238
-0.000555923
-0.000976532
-0.000929712
-0.000373952
0.000424309
0.001036361
0.001127598
0.000660709
-0.000085975
-0.000696011
-0.000871059
-0.000598942
-0.000128901
0.000219319
0.000275420
0.000115724
-0.000024062
0.000049499
0.000322466
0.000569357
0.000518369
0.000070133
-0.000590381
-0.001080293
-0.001058142
-0.000459876
0.000431254
0.001137877
0.001273444
0.000776996
-0.000054292
-0.000755055
-0.000978674
-0.000694197
-0.000170050
0.000233362
0.000312739
0.000140402
-0.000023735
0.000044750
0.000343780
0.000629562
0.000594241
0.000112248
-0.000624840
-0.001193802
-0.001202728
-0.000560351
0.000433438
0.001247739
0.001436885
0.000911144
-0.000013404
-0.000817317
-0.001098742
-0.000803500
-0.000219740
0.000246811
0.000354550
0.000169497
-0.000022281
0.000038907
0.000365882
0.000695705
0.000680153
0.000162826
-0.000659267
-0.001318730
-0.001366322
-0.000678026
0.000429900
0.001367351
0.001621085
0.001066484
0.000038524
-0.000883244
-0.001233511
-0.000929528
-0.000279719
0.000259396
0.000401618
0.000203875
-0.000019375
0.000031888
0.000388999
0.000768939
0.000778006
0.000223460
-0.000693693
-0.001457337
-0.001552689
-0.000816342
0.000419463
0.001498646
0.001830251
0.001247388
0.000103850
-0.000953502
-0.001385988
-0.001075812
-0.000352260
0.000270796
0.000454968
0.000244667
-0.000014603
0.000023589
0.000413477
0.000850847
0.000890358
0.000296246
-0.000728235
-0.001612730
-0.001766917
-0.000979883
0.000400632
0.001644323
0.002070102
0.001459730
0.000185677
-0.001029069
-0.001560290
-0.001247127
-0.000440405
0.000280618
0.000516002
0.000293396
-0.000007423
0.000013873
0.000439825
0.000943650
0.001020734
0.000384022
-0.000763138
-0.001789270
-0.002016050
-0.001174932
0.000371447
0.001808220
0.002348606
0.001711625
0.000288230
-0.001111400
-0.001762190
-0.001450110
-0.000548342
0.000288360
0.000586696
0.000352168
0.000002896
0.000002552
0.000468804
0.001050525
0.001174130
0.000490760
-0.000798837
-0.001993228
-0.002310114
-0.001410364
0.000329225
0.001995912
0.002677186
0.002014635
0.000417459
-0.001202677
-0.002000027
-0.001694287
-0.000682042
0.000293355
0.000669914
0.000424009
0.000017385
-0.000010649
0.000501557
0.001176159
0.001357853
0.000622220
-0.000836065
-0.002233887
-0.002663870
-0.001699183
0.000270132
0.002215753
0.003072783
0.002385849
0.000582086
-0.001306255
-0.002286266
-0.001993839
-0.000850357
0.000294664
0.000769972
0.000513434
0.000037557
-0.000026146
0.000539862
0.001327706
0.001583021
0.000787119
-0.000876035
-0.002525526
-0.003099936
-0.002061267
0.000188408
0.002480728
0.003561591
0.002851636
0.000795511
-0.001427452
-0.002640358
-0.002370861
-0.001067051
0.000290880
0.000893658
0.000627518
0.000065765
-0.000044593
0.000586585
0.001516608
0.001867367
0.000999326
-0.000920806
-0.002891176
-0.003654755
-0.002528625
0.000074870
0.002812035
0.004186271
0.003454959
0.001079528
-0.001575114
-0.003094347
-0.002861759
-0.001354816
0.000279728
0.001052270
0.000778029
0.000105912
-0.000067074
0.000646625
0.001762271
0.002240975
0.001282356
-0.000974025
-0.003370385
-0.004390947
-0.003156330
-0.000086198
0.003246605
0.005021155
0.004270827
0.001472230
-0.001764919
-0.003704875
-0.003531054
-0.001753978
0.000257169
0.001266045
0.000986105
0.000165037
-0.000095490
0.000729044
0.002100342
0.002759174
0.001679515
-0.001042652
-0.004037008
-0.005425763
-0.004047838
-0.000324300
0.003854703
0.006208086
0.005442962
0.002046892
-0.002027292
-0.004582176
-0.004504933
-0.002343861
0.000215121
0.001575071
0.001293917
0.000257368
-0.000133438
0.000852595
0.002603991
0.003535867
0.002280260
-0.001141599
-0.005046339
-0.007006953
-0.005422979
-0.000702326
0.004788031
0.008055108
0.007285657
0.002964970
-0.002429636
-0.005972651
-0.006067866
-0.003305043
0.000134439
0.002071315
0.001799473
0.000416760
-0.000188444
0.001063291
0.003450608
0.004848576
0.003303839
-0.001309201
-0.006789387
-0.009763564
-0.007845304
-0.001382780
0.006444937
0.011379791
0.010643091
0.004666052
-0.003156224
-0.008562174
-0.009023651
-0.005156796
-0.000044191
0.003022157
0.002794663
0.000748661
-0.000277850
0.001511765
0.005209158
0.007595883
0.005468197
-0.001681816
-0.010611866
-0.015896345
-0.013323993
-0.002954937
0.010312636
0.019302712
0.018817915
0.008920181
-0.004952784
-0.015241303
-0.016873716
-0.010252124
-0.000636679
0.005666616
0.005713183
0.001830369
-0.000414229
0.003130154
0.011247488
0.017236634
0.013271815
-0.003329851
-0.026283875
-0.042244826
-0.038231403
-0.010517296
0.030702378
0.064650194
0.070482796
0.039522439
-0.017980761
-0.076202817
-0.106270671
-0.091541337
-0.037173574
0.031675035
0.082479770
0.092143497
0.058824563
0.002353784
-0.046862202
-0.064185940
-0.043318817
0.001563597
0.044749144
0.063499067
0.049863954
0.013562162
-0.024918409
-0.046333652
-0.042704604
-0.020029479
0.006970902
0.024142691
0.025442409
0.014671000
0.001254837
-0.006514220
-0.006286975
-0.001820873
0.000919600
-0.001401269
-0.007118137
-0.011081386
-0.008734424
0.000249142
0.011329133
0.017886621
0.015527743
0.005019693
-0.008060661
-0.016694660
-0.016600199
-0.008580806
0.002315046
0.010102584
0.011413242
0.007077944
0.000952469
-0.002977775
-0.003161441
-0.001066366
0.000397913
-0.000676262
-0.003686620
-0.005992932
-0.004970956
-0.000136829
0.006202621
0.010278900
0.009299743
0.003357014
-0.004485250
-0.010000536
-0.010337098
-0.005658508
0.001116893
0.006228692
0.007347821
0.004762220
0.000818186
-0.001864721
-0.002125045
-0.000791125
0.000238839
-0.000392765
-0.002401568
-0.004056540
-0.003511292
-0.000297187
0.004113812
0.007120368
0.006663105
0.002636100
-0.002923383
-0.007019147
-0.007496980
-0.004305947
0.000567016
0.004399859
0.005395077
0.003629216
0.000744269
-0.001314186
-0.001601703
-0.000647154
0.000159907
-0.000244434
-0.001726182
-0.003027361
-0.002725549
-0.000380046
0.002974716
0.005377149
0.005190692
0.002224097
-0.002045406
-0.005319506
-0.005859794
-0.003515019
0.000252521
0.003327101
0.004236758
0.002949143
0.000696011
-0.000982669
-0.001282034
-0.000557215
0.000111280
-0.000155055
-0.001308696
-0.002383750
-0.002227783
-0.000426558
0.002255392
0.004263707
0.004240295
0.001950449
-0.001482527
-0.004213733
-0.004784203
-0.002987936
0.000050839
0.002617474
0.003462739
0.002489819
0.000660366
-0.000759428
-0.001063761
-0.000494466
0.000077456
-0.000096767
-0.001024755
-0.001940072
-0.001879505
-0.000452659
0.001759176
0.003485743
0.003568776
0.001750049
-0.001091670
-0.003432292
-0.004016224
-0.002605414
-0.000087322
0.002110798
0.002904012
0.002154397
0.000631429
-0.000597928
-0.000903303
-0.000447143
0.000052100
-0.000056953
-0.000819204
-0.001613718
-0.001618825
-0.000465859
0.001396277
0.002908178
0.003063863
0.001592738
-0.000805686
-0.002847989
-0.003435250
-0.002310438
-0.000185647
0.001729576
0.002478264
0.001895357
0.000606171
-0.000475220
-0.000778982
-0.000409298
0.000032158
-0.000029048
-0.000663821
-0.001362363
-0.001413976
-0.000470204
0.001119850
0.002460344
0.002666626
0.001462701
-0.000588863
-0.002393000
-0.002976730
-0.002072392
-0.000256965
0.001431755
0.002140658
0.001686703
0.000582902
-0.000378686
-0.000678827
-0.000377612
0.000015992
-0.000009281
-0.000542653
-0.001162089
-0.001247015
-0.000468106
0.000903047
0.002101709
0.002343215
0.001350905
-0.000420425
-0.002027871
-0.002603048
-0.001873428
-0.000308865
0.001192553
0.001864722
0.001513055
0.000560627
-0.000300821
-0.000595706
-0.000350104
0.000002643
0.000004684
-0.000445990
-0.000998372
-0.001107070
-0.000461126
0.000729354
0.001807370
0.002072843
0.001251869
-0.000287434
-0.001728094
-0.002290841
-0.001702486
-0.000346152
0.000996415
0.001633848
0.001364768
0.000538745
-0.000236882
-0.000525119
-0.000325532
-0.000008482
0.000014386
-0.000367569
-0.000861880
-0.000987192
-0.000450348
0.000588038
0.001561191
0.001842077
0.001162115
-0.000181383
-0.001477646
-0.002024866
-0.001552392
-0.000372049
0.000833080
0.001437107
0.001235516
0.000516889
-0.000183722
-0.000464102
-0.000303088
-0.000017775
0.000020887
-0.000303159
-0.000746347
-0.000882748
-0.000436569
0.000471800
0.001352257
0.001641870
0.001079370
-0.000096421
-0.001265601
-0.001794771
-0.001418323
-0.000388829
0.000695501
0.001267030
0.001121002
0.000494847
-0.000139165
-0.000410628
-0.000282237
-0.000025503
0.000024950
-0.000249789
-0.000647403
-0.000790542
-0.000420407
0.000375483
0.001172918
0.001465928
0.001002120
-0.000028365
-0.001084248
-0.001593299
-0.001296950
-0.000398163
0.000578660
0.001118344
0.001018225
0.000472507
-0.000101656
-0.000363272
-0.000262619
-0.000031862
0.000027148
-0.000205297
-0.000561904
-0.000708310
-0.000402363
0.000295322
0.001017645
0.001309745
0.000929343
0.000025883
-0.000927976
-0.001415218
-0.001185923
-0.000401332
0.000478881
0.000987228
0.000925042
0.000449828
-0.000070045
-0.000321008
-0.000243993
-0.000036999
0.000027916
-0.000168068
-0.000487527
-0.000634402
-0.000382858
0.000228489
0.000882337
0.001170024
0.000860351
0.000068682
-0.000792594
-0.001256668
-0.001083559
-0.000399353
0.000393394
0.000870845
0.000839896
0.000426821
-0.000043455
-0.000283078
-0.000226200
-0.000041035
0.000027599
-0.000136861
-0.000422509
-0.000567599
-0.000362255
0.000172799
0.000763876
0.001044296
0.000794686
0.000101887
-0.000674894
-0.001114740
-0.000988636
-0.000393062
0.000320056
0.000767045
0.000761639
0.000403533
-0.000021200
-0.000248912
-0.000209140
-0.000044069
0.000026470
-0.000110701
-0.000365485
-0.000506974
-0.000340873
0.000126526
0.000659841
0.000930681
0.000732051
0.000126988
-0.000572363
-0.000987198
-0.000900262
-0.000383165
0.000257176
0.000674164
0.000689416
0.000380041
-0.000002729
-0.000218075
-0.000192751
-0.000046193
0.000024754
-0.000088805
-0.000315371
-0.000451815
-0.000318998
0.000088277
0.000568310
0.000827720
0.000672261
0.000145215
-0.000482995
-0.000872293
-0.000817779
-0.000370273
0.000203382
0.000590893
0.000622580
0.000356441
0.000012417
-0.000190224
-0.000177003
-0.000047487
0.000022632
-0.000070533
-0.000271294
-0.000401560
-0.000296888
0.000056901
0.000487731
0.000734260
0.000615213
0.000157602
-0.000405153
-0.000768630
-0.000740700
-0.000354928
0.000157543
0.000516178
0.000560640
0.000332845
0.000024625
-0.000165086
-0.000161887
-0.000048032
0.000020254
-0.000055352
-0.000232533
-0.000355761
-0.000274777
0.000031435
0.000416823
0.000649375
0.000560857
0.000165037
-0.000337474
-0.000675079
-0.000668663
-0.000337614
0.000118703
0.000449158
0.000503217
0.000309376
0.000034234
-0.000142436
-0.000147409
-0.000047905
0.000017743
-0.000042815
-0.000198487
-0.000314049
-0.000252877
0.000011055
0.000354512
0.000572305
0.000509186
0.000168291
-0.000278805
-0.000590702
-0.000601395
-0.000318774
0.000086041
0.000389112
0.000450015
0.000286163
0.000041543
-0.000122085
-0.000133584
-0.000047180
0.000015199
-0.000032537
-0.000168639
-0.000276118
-0.000231380
-0.000004951
0.000299882
0.000502415
0.000460215
0.000168047
-0.000228153
-0.000514713
-0.000538690
-0.000298815
0.000058839
0.000335427
0.000400800
0.000263340
0.000046826
-0.000103869
-0.000120433
-0.000045934
0.000012704
-0.000024189
-0.000142545
-0.000241702
-0.000210461
-0.000017208
0.000252137
0.000439165
0.000413975
0.000164912
-0.000184648
-0.000446433
-0.000480388
-0.000278110
0.000036459
0.000287572
0.000355380
0.000241042
0.000050334
-0.000087642
-0.000107982
-0.000044242
0.000010321
-0.000017482
-0.000119814
-0.000210573
-0.000190273
-0.000026266
0.000210577
0.000382085
0.000370502
0.000159436
-0.000147515
-0.000385268
-0.000426361
-0.000257006
0.000018326
0.000245073
0.000313598
0.000219404
0.000052302
-0.000073269
-0.000096257
-0.000042180
0.000008099
-0.000012167
-0.000100098
-0.000182521
-0.000170954
-0.000032620
0.000174576
0.000330756
0.000329837
0.000152114
-0.000116061
-0.000330688
-0.000376499
-0.000235825
0.000003914
0.000207506
0.000275314
0.000198555
0.000052949
-0.000060624
-0.000085281
-0.000039822
0.000006074
-0.000008021
-0.000083084
-0.000157356
-0.000152624
-0.000036710
0.000143571
0.000284799
0.000292012
0.000143396
-0.000089651
-0.000282211
-0.000330705
-0.000214863
-0.000007257
0.000174478
0.000240405
0.000178621
0.000052488
-0.000049585
-0.000075078
-0.000037243
0.000004269
-0.000004851
-0.000068488
-0.000134900
-0.000135384
-0.000038935
0.000117047
0.000243863
0.000257055
0.000133692
-0.000067705
-0.000239389
-0.000288890
-0.000194392
-0.000015636
0.000145627
0.000208753
0.000159719
0.000051119
-0.000040032
-0.000065664
-0.000034515
0.000002696
-0.000002487
-0.000056051
-0.000114985
-0.000119318
-0.000039654
0.000094528
0.000207619
0.000224982
0.000123375
-0.000049686
-0.000201806
-0.000250959
-0.000174661
-0.000021640
0.000120607
0.000180246
0.000141960
0.000049032
-0.000031849
-0.000057052
-0.000031708
0.000001358
-0.000000778
-0.000045536
-0.000097446
-0.000104495
-0.000039194
0.000075576
0.000175753
0.000195796
0.000112783
-0.000035093
-0.000169062
-0.000216817
-0.000155895
-0.000025657
0.000099090
0.000154769
0.000125442
0.000046413
-0.000024916
-0.000049248
-0.000028891
0.000000250
0.000000405
-0.000036722
-0.000082126
-0.000090965
-0.000037846
0.000059782
0.000147965
0.000169485
0.000102221
-0.000023461
-0.000140777
-0.000186359
-0.000138295
-0.000028054
0.000080760
0.000132205
0.000110253
0.000043434
-0.000019116
-0.000042253
-0.000026128
-0.000000642
0.000001177
-0.000029407
-0.000068869
-0.000078762
-0.000035876
0.000046765
0.000123960
0.000146022
0.000091962
-0.000014353
-0.000116584
-0.000159473
-0.000122039
-0.000029171
0.000065311
0.000112432
0.000096470
0.000040262
-0.000014327
-0.000036059
-0.000023480
-0.000001338
0.000001635
-0.000023402
-0.000057521
-0.000067907
-0.000033518
0.000036166
0.000103453
0.000125366
0.000082249
-0.000007361
-0.000096124
-0.000136035
-0.000107280
-0.000029328
0.000052447
0.000095322
0.000084153
0.000037055
-0.000010430
-0.000030652
-0.000021002
-0.000001863
0.000001862
-0.000018537
-0.000047934
-0.000058404
-0.000030984
0.000027653
0.000086163
0.000107458
0.000073297
-0.000002105
-0.000079051
-0.000115910
-0.000094148
-0.000028823
0.000041878
0.000080739
0.000073352
0.000033961
-0.000007304
-0.000026009
-0.000018746
-0.000002247
0.000001927
-0.000014650
-0.000039960
-0.000050244
-0.000028460
0.000020912
0.000071817
0.000092225
0.000065291
0.000001772
-0.000065027
-0.000098951
-0.000082749
-0.000027933
0.000033325
0.000068543
0.000064103
0.000031116
-0.000004826
-0.000022101
-0.000016756
-0.000002524
0.000001885
-0.000011598
-0.000033456
-0.000043406
-0.000026106
0.000015654
0.000060147
0.000079580
0.000058390
0.000004599
-0.000053724
-0.000085004
-0.000073169
-0.000026913
0.000026514
0.000058585
0.000056426
0.000028651
-0.000002875
-0.000018890
-0.000015070
-0.000002729
0.000001781
-0.000009251
-0.000028285
-0.000037860
-0.000024065
0.000011613
0.000050897
0.000069429
0.000052732
0.000006682
-0.000044827
-0.000073911
-0.000065476
-0.000026000
0.000021183
0.000050714
0.000050336
0.000026686
-0.000001328
-0.000016330
-0.000013717
-0.000002898
0.000001645
-0.000007500
-0.000024326
-0.000033576
-0.000022458
0.000008547
0.000043833
0.000061685
0.000048438
0.000008300
-0.000038049
-0.000065524
-0.000059734
-0.000025419
0.000017083
0.000044786
0.000045841
0.000025341
-0.000000054
-0.000014358
-0.000012710
-0.000003062
0.000001489
-0.000006274
-0.000021506
-0.000030557
-0.000021403
0.000006267
0.000038802
0.000056332
0.000045667
0.000009710
-0.000033172
-0.000059787
-0.000056077
-0.000025417
0.000013985
0.000040702
0.000043000
0.000024775
0.000001124
-0.000012838
-0.000011971
-0.000003199
0.000001269
-0.000005722
-0.000020093
-0.000029129
-0.000021124
0.000004837
0.000036245
0.000054080
0.000045074
0.000011144
-0.000030586
-0.000057603
-0.000055542
-0.000026757
0.000011572
0.000038460
0.000042001
0.000025807
0.000005133
-0.000004260
