0.000128037
-0.000323593
0.002563885
-0.000004202
-0.004320216
0.001072691
-0.001506371
0.010643959
-0.000000239
-0.018159026
0.005002601
-0.006464690
0.037062134
-0.000000138
-0.058645176
0.017241502
-0.022545078
0.130571957
-0.000000065
-0.323034392
0.231403658
0.231403658
-0.323034392
-0.000000065
0.130571957
-0.022545078
0.017241502
-0.058645176
-0.000000138
0.037062134
-0.006464690
0.005002601
-0.018159026
-0.000000239
0.010643959
-0.001506371
0.001072691
-0.004320216
-0.000004202
0.002563885
-0.000323593
