-0.000000000
-0.000253682
0.000506163
-0.000735078
0.000904221
-0.000964045
0.000859411
-0.000544191
-0.000000000
0.000745612
-0.001607135
0.002440539
-0.003057639
0.003255824
-0.002859890
0.001769107
-0.000000000
-0.002285639
0.004776827
-0.007039505
0.008573495
-0.008895024
0.007633603
-0.004627510
-0.000000000
0.005800647
-0.012009850
0.017609831
-0.021443825
0.022369038
-0.019428100
0.012013712
-0.000000000
-0.016182723
0.035545846
-0.056618694
0.077596955
-0.096545721
0.111630424
-0.121343777
0.124696428
-0.121343777
0.111630424
-0.096545721
0.077596955
-0.056618694
0.035545846
-0.016182723
-0.000000000
0.012013712
-0.019428100
0.022369038
-0.021443825
0.017609831
-0.012009850
0.005800647
-0.000000000
-0.004627510
0.007633603
-0.008895024
0.008573495
-0.007039505
0.004776827
-0.002285639
-0.000000000
0.001769107
-0.002859890
0.003255824
-0.003057639
0.002440539
-0.001607135
0.000745612
-0.000000000
-0.000544191
0.000859411
-0.000964045
0.000904221
-0.000735078
0.000506163
-0.000253682
-0.000000000
