0.000357763
0.000659765
0.000141936
-0.000673828
-0.000767657
0.000208376
0.001223079
0.000812392
-0.000953404
-0.001972286
-0.000458347
0.002273539
0.002634816
-0.000713316
-0.004119871
-0.002670030
0.003043025
0.006100906
0.001373830
-0.006610201
-0.007444961
0.001963677
0.011081659
0.007039941
-0.007892565
-0.015625338
-0.003489090
0.016724775
0.018865196
-0.005013792
-0.028716673
-0.018679224
0.021681669
0.045091985
0.010789609
-0.057036073
-0.074196264
0.024586949
0.207216028
0.353162004
0.353162004
0.207216028
0.024586949
-0.074196264
-0.057036073
0.010789609
0.045091985
0.021681669
-0.018679224
-0.028716673
-0.005013792
0.018865196
0.016724775
-0.003489090
-0.015625338
-0.007892565
0.007039941
0.011081659
0.001963677
-0.007444961
-0.006610201
0.001373830
0.006100906
0.003043025
-0.002670030
-0.004119871
-0.000713316
0.002634816
0.002273539
-0.000458347
-0.001972286
-0.000953404
0.000812392
0.001223079
0.000208376
-0.000767657
-0.000673828
0.000141936
0.000659765
0.000357763
